682  5947,	552  5983,	576  5971.5,	573  5975.5,
806  7569,	1063  7473.5,	1056  7483.5,
662  5963.5,	852  5924,	668  5930,
695  6107,	734  6093,	1086  6050,	1085  6056,
682  5686.5,	664  5789,
857  5780.5,	705  5783.5,
506  10733.5,	504  10752,	507  10726.5,
463  9712,
586  12864.5,	600  12835,
659  11204.5,	645  11215.5,	647  11207.5,	669  11203,
887  12530.5,	886  12534.5,
945  12667.5,	1136  12657.5,
778  10266,
545  16496.5,	552  16484.5,
746  18699.5,	1341  18622,
801  20397.5,	797  20403.5,	793  20408,
775  19240.5,	791  19108.5,
1155  23460,	1941  23400,	1672  23428.5,
1420  19073.5,	1019  19141.5,
953  17871,	1064  17818.5,
942  17406,	945  17394,
1538  16285,	923  16288.5,
758  9307,
874  10505,	1014  10443,	860  10514.5,
1318  10571.5,	1029  10651.5,	1316  10595.5,	985  10656.5,
1853  11071,	1252  11079.5,	1850  11073,	1237  11127.5,	1236  11141.5,
1182  10635.5,	1245  10562,	1183  10624.5,	1248  10558,
1247  10737.5,	1216  10773,
1295  11127,	1283  11137,	1287  11131,	1282  11143,	1681  11000,
1035  22362,	1656  22244,	1032  22363,	1039  22352.5,	1660  22144,
1740  24958.5,	1744  24942.5,
1794  26102.5,	1792  26154.5,	2651  25786,	2649  25798,	2640  25890,
1199  36207.5,	1164  36280,	1895  35891,
1410  34956.5,	1413  34932.5,	1418  34926.5,	1407  35004.5,	1406  35010.5,	1825  34885,
2156  45160,	2125  45343,	3803  45149,
1174  14309.5,	1178  14263.5,
2089  15437,	1432  15570.5,
1909  17525.5,	1887  17565.5,	2000  17507,	2914  17346,	1900  17551.5,	1924  17510.5,
2949  38564,	2945  38580,	2618  38944.5,	2643  38861,
2531  36773.5,	2540  36746.5,	2505  37073.5,
2536  37845,	2543  37666,	2549  37646,	2534  37869,	2526  37873,
1401  42585.5,
2305  59940,	3069  59463.5,
2258  57458.5,	2203  57548.5,	2202  57626.5,
2296  59185,	2282  59412,	3603  58681.5,
2132  53959,	2131  54043,	2162  53620,	2140  53929.5,	2157  53782,	2141  53830,
3143  66085,	3176  66039,	3582  65849.5,	3083  66417.5,
3099  62014.5,	3058  62603,	3056  62669,	3088  62158,	3087  62266,	3077  62356,	3075  62417.5,	3282  61913.5,	3059  62519,
296  5397,
290  5238,	306  5229,
291  5201.5,	340  5158,
320  5748,
521  6886,	519  6896,	520  6890,
467  5509.5,	473  5501.5,	472  5503.5,	437  5539,	656  5479,
436  5560.5,	434  5578.5,
312  9519.5,	396  9513.5,	308  9525.5,
480  12431,	464  12472,	490  12386.5,	497  12346.5,
582  9596.5,	410  9648,
490  11795,	489  11835,	457  11944.5,	677  11789.5,	466  11867,	464  11883,	463  11887,
717  19647.5,	715  19683.5,	791  19462.5,	784  19504.5,	723  19515,	790  19480.5,
647  20390,	645  20478,
727  23229.5,	838  23158.5,	721  23245.5,
871  22657,	890  22434,
874  23170.5,	873  23371.5,	1912  23041,	1910  23133,
861  23083.5,	874  23081.5,
849  22536,	847  22572,	846  22592,
1119  26744,	989  26926.5,	1002  26804,
1229  24877,	1874  24643,	1871  24679,	1187  24925,
779  35784.5,	782  35730.5,
696  32015.5,
763  34814.5,	771  34722,	795  34530.5,	789  34596.5,	777  34622,
1113  35559.5,	1118  35483,	1112  35585.5,	1528  35301.5,	1525  35349.5,
1282  32060.5,	1032  32152,	1015  32179.5,
1715  32255,	999  32356,
975  30704.5,	962  30736.5,	1371  30571,	978  30645.5,
1339  36566,	1350  36527.5,	1366  36499.5,
1749  33507.5,	1246  33750.5,	1726  33519.5,	1295  33527,	1252  33690.5,
1277  34494.5,
355  6669,	437  6634.5,	334  6676,
304  13212,	324  13183,	308  13208,
260  10994.5,	262  10982.5,
226  8827.5,	225  8855.5,
358  11431.5,	356  11449.5,	359  11347,
531  12495,	524  12707.5,	1061  12448,	586  12465.5,
504  14536,	534  14484,	580  14411.5,
302  17386,	450  17385.5,	452  17373.5,
230  12793,
303  17963,	304  17951,
323  17573,	321  17609,	319  17639,	310  17670.5,	311  17664.5,	316  17658.5,
350  15880.5,	366  15862,
816  23834.5,	804  23858.5,	799  23870.5,	604  24376,	608  24364,	616  23918.5,	594  24393,	795  23876.5,
641  26058.5,	631  26100.5,	633  26094.5,	937  25990.5,	933  26044.5,	623  26160.5,	621  26262.5,	624  26112.5,
653  21713,	595  21718,	591  21778,	659  21683.5,
614  23176,
626  20242,	597  20328.5,	612  20298.5,	537  20448,	545  20402,	649  20216,	646  20234,	541  20442,
483  11475.5,	486  11473,	479  11515.5,
404  9781,	409  9777,	428  9762,
451  10859,	473  10847.5,
457  9956,	451  9972,	407  9983.5,
456  10975.5,	445  11001,	455  10991.5,
1033  39562,	1029  39658,	1078  39448,
1131  43238,	1132  43232,	1114  43568.5,	1113  43634.5,	1082  43907,
1102  41822,	1098  41870,	1800  41799,	1069  42490.5,	1087  41920,	1086  41932,	1081  41974,
1118  44875,
1152  46091.5,	1412  45972.5,	1151  46186.5,	1233  46084.5,
718  17521,	702  17542.5,
1078  15996,	679  16009,	667  16041.5,
606  14644,	615  14604,	609  14612,	608  14626,	607  14642,	784  14582.5,
1040  32391,	779  32414,	777  32498,	775  32543,
765  31292.5,	740  31345,
1468  45369,	1500  45193,	1498  45221,	2644  44851,	2643  44895,	1516  44998,	1515  45090,
806  47555,	801  47603,	811  47524,	1306  47438,
852  52623,
