559  3408.5,	554  5979.5,	557  5963.5,
812  4625,	811  7538,	808  7583.5,	822  4431.5,
653  3545,
722  3535.5,	714  6148,
673  3494,	669  3621,	655  5802,	664  5795,
737  3709.5,	748  3702,	724  3793,
503  10756,	504  5880.5,
468  5166.5,	467  5539.5,	466  9760.5,
596  12980.5,	599  7100.5,	624  7033,	597  12907.5,
655  6092,
965  7060.5,	925  7176.5,	922  12702.5,
939  6862.5,	873  7578.5,
805  6006,	775  6185.5,	794  6022,
550  8937.5,	559  8725,	548  16432.5,
766  10203,	761  18816.5,	767  10189,	763  18759,
791  10978,	790  20385.5,	810  10717,
766  9816,	765  19063,
1131  12632,	1176  12284.5,
1037  10593.5,	1031  19197,
956  8990,	952  17853,	954  17847,
968  10157,	949  17425,	998  9675,	1024  9443.5,	1025  9441.5,
932  8848,	928  9398.5,	925  16306.5,	927  16282.5,
746  5312,	744  9281,
858  6104.5,	856  10502.5,
1023  6197.5,	1003  10621.5,	1001  10633.5,	1017  6280.5,	1010  6441.5,
1238  6676.5,	1217  6871,
1196  6794.5,	1233  6438,	1194  10679.5,	1195  10673.5,
1229  6498,	1211  10767,	1245  6372,	1248  6361,
1275  6510.5,	1268  6817.5,
1052  22420.5,	1056  12339.5,	1055  22376.5,	1063  12145,	1061  12264.5,
1746  14590,	1743  24962.5,	1755  13907.5,
1869  15096.5,	1857  26104.5,	1864  15107.5,	1871  15092.5,	1845  26124.5,
1201  19185.5,	1152  19194.5,	1145  36076,	1148  36064,
1396  19193,	1390  34784.5,	1410  18481.5,	1411  18473.5,	1405  19142.5,	1409  18820.5,
2133  24446,	2243  23561.5,
1168  14316.5,	1183  8351.5,	1174  8444,	1172  14296,
1446  8997.5,	1420  9450,	1419  15552.5,
1928  10444.5,	1886  17553.5,	1901  10613.5,	1891  10778,
2623  39026,	2626  39003.5,	2628  21331.5,
2555  20724,	2494  20998.5,	2488  36921.5,
2524  21028,	2585  20326,
1407  22538.5,	1406  42633.5,
2272  32266.5,	2270  59916.5,
2248  30665.5,	2238  57917,	2252  30158.5,
2309  30764.5,	2293  31267,	2241  58851.5,	2254  31660.5,	2246  32662.5,
2100  28917.5,	2166  28714,
3082  36629,	3073  66345.5,	3154  36020,	3167  35955,	3117  36434.5,
3052  33679.5,	3046  62597,
303  2285.5,	310  2257.5,	298  2293.5,
297  2261.5,	281  2272.5,	277  5198,
293  5227.5,	302  2297,	294  2297.5,
324  5781.5,	325  2492.5,	320  5807,
521  3198.5,	518  6892,
490  2771,	485  2836.5,	481  2865.5,	479  5565.5,
474  2929.5,	482  2869,	471  2950,	469  5706.5,
316  3802.5,	330  3794,	312  9535,
474  5115,	467  12361,
404  4188.5,	422  3904.5,	403  9724,	408  3967,
457  11973.5,	460  4726,	459  5138.5,
715  19694.5,	723  7869,	724  7861,
636  7947.5,	632  20358,
727  8868.5,	702  9187.5,	708  9150.5,
876  9220,	873  22656.5,	911  9018.5,	884  9167,
883  9399.5,	869  9726.5,	868  23323.5,	876  9416.5,	867  23335.5,
881  9518,	882  9479.5,	884  9468.5,	877  22914.5,	899  8883,
836  9177,	857  9077,
990  10900,	1009  10737,	984  26954.5,	989  26934.5,
1250  10395,	1208  11580,	1203  24984.5,	1209  10510,	1201  25168.5,
766  13635.5,	788  13576,	764  35514.5,
696  32003.5,	702  12048.5,	694  32027.5,
740  13019.5,	745  12731.5,	738  34424.5,
1117  13981.5,	1115  35601.5,
1028  12952,	1023  32203.5,	1046  12869,	1018  32215.5,
1040  12869,	1029  13166,	1017  32488,	1028  32480,	1037  13039.5,	1032  13122,
974  30703,	982  12221,	994  11931,
1350  15138,	1354  14746.5,	1327  15314.5,
1247  14183.5,	1284  13606,
1302  13936.5,	1266  14153.5,	1265  34446.5,
335  2619.5,	330  6666,	350  2549,
304  4172,	303  13224,
270  3392.5,
225  3156,	226  2842,	224  8859,
371  3686.5,	367  3953.5,	349  11441.5,	357  4113,	359  4112,
508  4288,	503  4523,	502  12663,
537  5083,	532  5437,
302  5178.5,	300  17326,
233  3914,	232  4052.5,	231  12847,
310  5555,	307  17993,
309  5203.5,	306  17694,	308  17662.5,
365  5607,	371  5278.5,	361  15995,
588  24281,	606  7686.5,
628  8728,	624  26316.5,	625  26250.5,	626  26238.5,	653  8531.5,
574  7399,	569  22211,
616  7775.5,	610  7779,	609  23457,	635  7107.5,
547  20595.5,	582  7188.5,	580  20565.5,	581  20535.5,
501  4243,	482  11511.5,	491  4265.5,	489  4413.5,	484  11473.5,	485  11455.5,
408  3586,	406  9745,
457  4123,	463  4021.5,	452  10875,
409  3774.5,	403  9951.5,	415  3710,	416  3658,	407  3793.5,
459  4222.5,	460  4213.5,	473  4100,	456  11005.5,
1047  13333,	1042  38757.5,	1043  38661.5,	1085  13173,	1110  12877.5,	1120  12872.5,	1067  13188,
1089  44391,	1099  14639.5,	1094  43784,	1119  13871.5,
1059  14138,	1057  41649,	1058  41625,	1092  12987,
1121  14500.5,	1118  44841,
1160  14840.5,	1156  14841.5,	1153  46384.5,
708  6482,	702  17537.5,	711  6478,
669  6112.5,	688  5999.5,	662  16074.5,	674  6063.5,	664  16036,	679  6008,
605  5376.5,	603  14608,
749  10216,
727  10068,	735  9764.5,	725  31123.5,
1474  15618.5,	1486  15537.5,
800  14306,
895  15762.5,	898  15712.5,	882  16422,	872  53057.5,	881  16426,
