555  6014.5,	558  5956.5,	565  3634.5,	576  3440,
808  4626,	790  7513,	833  4472.5,
666  3624.5,
752  3737,	753  3736,	738  6218.5,
675  3504,	672  3673,
722  3550,	688  3613.5,	701  3552,	687  5750.5,
514  5706.5,	503  5902.5,	505  5880.5,	502  10756,
465  5233,	461  9706.5,	466  5158.5,	464  9700,
619  6979,	592  7078.5,	589  12899.5,	591  12879.5,
659  6103,	679  6080,	657  11188,
905  12756.5,	930  7073,	912  12565.5,	939  6729.5,
966  6899,	945  7352,	941  12659,
787  6222.5,	780  10259,	782  10255,	798  5778,
548  8936.5,	557  8843.5,	565  8787.5,
771  18675,	772  10377,	767  18702,	779  10372,
782  10921,	796  10636,	781  20313.5,
770  10303.5,
1131  12861.5,	1123  23331,	1174  12492,
1023  19298.5,	1025  10410.5,
947  17858,	954  8972,	953  10811,	951  17835,
954  10244,	983  9236.5,	979  10055.5,	982  10025.5,
926  16312.5,	928  9399.5,	933  8855,	987  8668,
744  9283,	750  5317,
870  6109.5,	858  6147.5,	855  10485,	876  6020,
1009  6264.5,	1005  10678,
1243  6704.5,	1250  6702.5,	1236  11141.5,
1194  10675.5,	1212  6205.5,	1199  6790.5,	1196  10661.5,
1235  6518,	1223  6796,	1238  6509,
1290  6550.5,	1269  11154.5,	1273  11116.5,	1281  6744.5,
1041  12150.5,	1030  12221.5,	1037  12159.5,	1024  22293,
1731  14121.5,	1728  24779.5,
1805  14083,
1145  19157.5,	1140  36004,
1416  18643,	1403  18911.5,	1408  18812.5,	1400  34671.5,
2243  24410,	2135  24460,	2130  45397,
1179  8199,	1161  14261.5,
1481  9173.5,	1427  9371,	1419  15605,	1424  15593,	1437  9205,
1898  10785,	1891  17569.5,	1900  10610.5,	1897  10792,	1890  17581.5,
2628  21899,	2607  38900,	2636  21038.5,
2534  20638.5,	2510  21104.5,	2495  37117.5,	2509  21120,
2531  21082,	2523  37901,
1415  22584.5,	1411  42645.5,	1471  22514.5,
2340  32376.5,	2325  60326,
2282  30536,	2267  58244,	2284  30496,	2270  58066,
2234  30895,
2177  28809,	2157  54229,	2167  30205,
3125  34987.5,	3112  36358.5,	3071  66375.5,	3075  36626,	3063  66513.5,
3052  33661.5,
304  2287.5,	301  2299.5,	298  2300.5,	295  2458.5,	296  2411,	289  5387,
296  2252.5,	294  2338.5,
283  2315.5,	295  2304.5,
327  2578.5,	325  5766,	321  5790,
525  3204.5,	523  6898,	522  6918,
480  5571.5,	487  2770,	485  2836.5,
441  2684,	437  5550,
319  3814.5,	312  3860.5,
473  4758.5,	476  4754.5,
428  3941.5,	403  9679,	408  9667,	409  3967,
466  4470,	459  5267.5,	460  5136.5,	452  11941.5,	454  11937.5,
705  8333.5,	706  8326.5,	726  7395.5,	704  19593.5,	721  7868,	723  7864,
644  8261.5,	645  8071.5,	654  8044,	655  8036,	640  20434,
739  8698.5,	723  23293.5,	724  9226.5,
875  9135,	873  22398.5,
868  9376.5,
876  9218.5,	871  9568,
842  9201,	841  22473.5,
988  11352.5,	1001  11045,	987  26761,	998  11344,
1190  10914.5,	1183  24971.5,	1199  10494,	1220  10006,
796  13621,	779  13714.5,	777  35610.5,
693  11989.5,
741  12693.5,	736  34328.5,
1121  13980.5,	1102  14407.5,
1051  12956.5,	1059  12956,	1027  13044.5,	1023  32231.5,
1030  12945,	1015  13110,	1007  32448,
977  12257,	971  30730,	975  30707,	1002  11839.5,
1311  14512,	1309  36310,	1310  36222,
1247  14163.5,	1281  13707.5,
1290  13854,
343  2605,	339  2675.5,	338  6666,
304  4168,	300  13180,
270  3491.5,	268  11045.5,
224  2883,	227  2848,	230  2788,
362  3814,	353  3962,	347  11667,	352  11631.5,
497  4499,	500  4482,	492  12644.5,	493  12524.5,	494  12508.5,
540  5331,	538  14932.5,	539  14931.5,	532  14939.5,	549  5018.5,
301  5178.5,	299  17422,
231  12754,	234  4043.5,	236  3920,	230  12822,
313  5422,	310  5644.5,	312  5573,
311  5521.5,	306  17806,	307  17752,	310  17601.5,	318  5413,	315  5502,
364  4981,	361  5028.5,	358  16059.5,	360  16053.5,
584  7638.5,
624  8724,	621  26190.5,
602  7153.5,	599  22098.5,	600  22080.5,	601  21960.5,
591  7659.5,	593  7656.5,	588  23324,	589  23222,	626  7440.5,
547  6680.5,	544  20736.5,	551  6638,
498  4169.5,	475  4321,	496  4266.5,
396  3612.5,
462  4017.5,	447  4106,
417  3715,	416  3792.5,	426  3686.5,	409  9971.5,
464  4127.5,	462  11058,
1053  13388.5,	1059  13275,	1037  13443.5,	1031  39236.5,
1120  14555,	1112  43857.5,	1117  14807.5,	1132  14350,	1111  44666,
1036  12354.5,
1104  14656,
1139  14912,	1127  46344,	1136  46002,	1148  14763.5,	1150  14746.5,
701  6569.5,	708  6469,	699  17514.5,
660  5885,	648  15997.5,
617  5411.5,	602  14634,	609  5556.5,
752  10446.5,	758  10338.5,	759  10329,	760  10274,
741  9830.5,
1484  15512.5,	1473  15796.5,
837  14485.5,	795  14487,	793  47464.5,
855  15406.5,
