551  3606,	562  3377,	550  5954.5,
799  4412,	795  7532.5,
673  3644.5,	717  3472.5,	722  3471.5,	672  5970,	698  3578,	680  3629,	692  3586.5,
722  3709,	718  6159,
653  3573,	636  5785.5,	639  5747.5,	655  3502,	690  3497,	716  3322,
714  3635.5,	724  3618.5,	710  3745.5,	735  3577,	741  3534,	742  3528,	708  5840.5,
511  5729,
477  5199.5,	482  5197.5,	469  5367,
605  6910.5,	595  7073.5,
664  6507.5,	663  11308.5,	673  6183,	686  6120,
926  6878,	923  12809.5,
931  7720,	927  12699.5,	936  7010.5,	932  7582,
801  6294.5,	839  5741,	803  5757.5,
566  8604.5,	564  8788,	584  8590.5,	563  16696.5,
777  10031,	829  9954,	773  10480.5,	769  18911,	804  9979,
800  10471,
787  9967.5,	771  10454.5,	780  10269.5,
1150  12690.5,	1144  23584.5,	1153  12666.5,	1182  12552,	1199  12491,	1198  12510,
1072  9349.5,	1020  10321.5,	1010  19291,
973  9108,	971  10928,	968  18015,
978  17654.5,	1006  9361,	985  9384,
949  8960,	935  16438.5,	1017  8653,	981  8714,	945  9163,	937  9461.5,
775  5383,	770  5542,	766  9356.5,	774  5384,	769  5555.5,	767  9342.5,	795  5324.5,	782  5341,
872  6023.5,	839  6067,	830  10438,
1002  6243.5,	992  6314,	1013  6235.5,
1248  6628.5,	1229  6659.5,	1226  11107.5,	1228  11093.5,	1258  6507,
1171  6611.5,	1165  10584,	1176  5990.5,
1199  6729,	1192  10717,	1217  6720,	1224  6417.5,	1225  6256,
1249  6665,	1216  6796.5,	1230  6696.5,	1271  6503.5,	1259  6627,
1058  11961.5,	1030  22358,	1045  12133.5,	1036  12161.5,	1055  12121,
1775  14129,	1759  14763,	1756  25007,	1786  13580,	1782  13888.5,
1789  15160,	1812  13977.5,	1795  15036.5,	1778  25892.5,
1201  19088,	1162  19198.5,	1186  19119.5,	1154  36115,	1168  19126,
1443  18505,	1416  19503,	1415  34826,	1423  18911.5,	1427  18792,
2179  25560,	2173  45835,	2228  24304,	2189  25006.5,	2199  24709,	2204  24677.5,
1176  8238.5,	1169  8279,	1174  8249.5,	1178  8231.5,	1161  14278,	1163  8397.5,
1411  9105,	1403  9375.5,	1402  15494.5,	1461  9031,
1886  10711.5,	1861  17537.5,	1875  10719,	1900  10610.5,	1870  17483.5,	1905  10227.5,	1913  10222.5,
2611  21816,	2575  22412,	2663  21406,	2567  38819,	2651  21442,
2469  20655.5,	2465  36668.5,	2512  20379,
2510  21624,	2505  37656.5,	2568  20934,	2578  20930.5,	2531  21070,	2591  20540.5,
1414  22728,	1433  22578.5,	1455  22530.5,
2300  31886.5,	2304  31147,
2236  30950.5,	2274  30814,
2295  31260,	2260  58998,	2273  31466,
2139  54050.5,	2137  54065.5,	2144  29719.5,	2192  28502,	2172  28756,	2153  28771.5,	2151  28977.5,	2142  54000,
3077  36168.5,	3074  36600,	3119  34533,	3100  35988.5,	3109  35793,	3071  66447.5,
3035  33506.5,	3026  34580,	3057  33056,	3016  61847,
309  2300.5,	301  2418.5,	300  5410.5,
298  2452,	300  2271.5,	299  2425,	295  5236.5,
289  2291,	296  2256.5,
326  2480,	319  2533.5,	317  5794.5,
527  3205.5,	523  3322.5,	517  6880,
458  2568.5,	452  2655.5,	448  5573.5,
473  2774,	467  2853.5,	449  2882,	510  2771,
314  3876.5,	317  3663,
471  5205,	481  5002,	462  12493,	469  12392,	509  4858.5,	488  4963,
421  4076,	416  4454.5,	411  9806.5,
454  4820,	448  11865.5,
705  8031,	729  7948,	700  19718,	736  7719.5,
663  8160.5,	656  8236.5,	648  8339.5,	667  8031,
720  9390,	739  9030,	723  9300.5,	729  9250.5,
867  8792,	866  9731,	865  22539.5,	861  22626.5,
872  9394.5,	871  9790,	868  23311.5,	873  9379.5,	870  23279.5,	892  9073.5,
885  9355.5,	881  9479.5,	889  9137.5,	880  23201.5,
855  9072,	888  8592.5,	892  8585.5,	845  9376.5,	837  22602.5,
991  10361,	988  10605.5,	977  26738,
1206  9971,	1210  9943.5,	1194  10086,	1183  11767.5,	1188  11107.5,	1160  24897.5,
796  13225,	799  13140.5,	782  13539,
717  11981,	716  12391,	714  32117.5,	712  32171.5,
763  12853,	770  12784,	759  13162.5,	753  34640.5,
1102  14066.5,	1096  35490.5,	1109  14039.5,	1125  14010.5,
1020  12776.5,	1034  12580.5,	1014  32064,
1004  32450.5,	1009  12291,
1014  12129,	972  12179.5,
1321  15370.5,	1343  14463.5,	1317  36203.5,	1332  14903.5,	1351  14456.5,
1253  13583.5,	1250  13793,	1246  14133,	1284  12910.5,	1267  13566,	1237  33644.5,
1305  14059.5,	1318  13773.5,	1307  13894,	1281  34658,	1295  34612,	1299  14311.5,	1306  13973.5,	1298  34595.5,
336  2619.5,	320  2682.5,	316  6656,	337  2606.5,
316  4048.5,	307  4197,	306  13272,
279  3551.5,	277  3718.5,	285  3462.5,	272  11146.5,	274  11125.5,
234  2941.5,	233  3066.5,	239  2907,	241  2887.5,
356  3646,	346  3920,	336  11446,
481  4569,	473  12665.5,	532  4527.5,	539  4353.5,
524  5114.5,
306  5347.5,	308  5263,
245  4011,	242  4133.5,	241  13033,
316  5656,	321  5339,
324  5453,	306  5764.5,	303  17867.5,	304  17855.5,	314  5491,	325  5452,
373  4712,	370  16128,
609  7612,	615  7310,	607  24332.5,	627  7206.5,
635  8774,	640  8516,	631  26340.5,
571  7342.5,	585  6483,
628  7386.5,	636  7233,	619  24019,	622  7617.5,	620  23572.5,
561  6310.5,
487  4148,	473  4358,
417  3683.5,	420  3650,	421  3585.5,	411  3694.5,	405  9798,
450  3991.5,	447  10877,	457  3917.5,
414  10011.5,	416  3673,
466  4046.5,	472  4014,	458  11023,	463  4059,	462  4139,
1029  13399.5,	1040  13020,	1023  39279.5,
1090  13919,	1070  14245,
1066  15107,	1064  42104,	1093  12997,
1100  14424.5,	1094  45178.5,	1105  14175.5,
1126  13827,
712  6591.5,	708  17544.5,	723  6316,	713  6534.5,	720  6488.5,
658  5819,
598  14585,	610  5339.5,	600  5430,	599  14563.5,
779  10106,	769  10307,	761  32449.5,
747  9838.5,	746  10166.5,	738  31307,
1465  15390,	1514  14778.5,	1449  15606,
811  14304.5,	821  14243,	804  47721.5,	808  14347.5,	840  14067.5,
887  15682.5,	878  16358,	907  15659,	882  15823.5,
