529  3633.5,	559  3506.5,	528  5900.5,	561  3397,	554  3571.5,
807  4642.5,	842  4498.5,	821  4528,	826  4514,	800  7545,
674  3654.5,	684  3482.5,	680  3566.5,	682  3565.5,
722  3523.5,	726  3406,	711  3592.5,	706  6154,
646  3601,	638  5745.5,	659  3427.5,
688  3563.5,	730  3490,	716  3519.5,
517  5692.5,	510  5915.5,	522  5681.5,
476  5327.5,	492  5280.5,	470  9796,
607  7014,	606  12944,	610  6995.5,	602  13010,
666  6150,	660  6555.5,	662  6521,	677  6120.5,	678  6117.5,	651  11295,
939  6658.5,	926  12721,	934  7325.5,	933  7420.5,
933  7048,	928  12827.5,
801  5763,	797  10399,	805  5631,
563  8685.5,	571  8654,	559  8728.5,	556  16605,
765  9360.5,
803  10738,	826  10690,	800  20432.5,	802  11336.5,	811  10732,	791  20511,
779  10289,	774  19150,
1150  12376.5,	1143  23571.5,	1144  23559.5,	1149  23519,
1022  10998.5,	1018  19246.5,	1024  10455,	1049  10063.5,
974  9116,	965  10896,	963  17979,
978  17652.5,	980  17601,	982  9092.5,	1057  8913.5,
937  8676,	947  8661,
778  5385,	775  5527,	780  5370.5,	772  9347.5,	783  5313.5,	787  5311.5,	765  9362.5,
863  6088.5,	859  10544,	874  6074.5,	876  6022.5,
992  6376.5,	1016  6079.5,	982  10637.5,	997  6115,	988  10624.5,
1251  6697.5,	1309  6396.5,	1225  6893,	1267  6625,	1222  11073.5,	1249  6713.5,	1276  6618,
1158  6287,	1205  5989.5,
1218  6470,	1208  6750,	1201  10749,	1205  10745,	1236  6432.5,	1251  6427,	1242  6428.5,
1238  6822.5,	1244  6778,	1277  6502.5,	1229  10951.5,	1269  6591,
1061  12051,	1046  12377.5,	1047  12229.5,	1036  12406,	1023  22257.5,	1048  12067,
1742  14053,	1741  14185,	1738  14286.5,	1771  13963,	1734  24940.5,	1736  24896.5,	1737  24850,
1806  15652.5,	1821  14132,	1827  13982,	1819  14242,	1807  14587,	1791  25998.5,
1179  19046,	1165  36059.5,	1183  18722.5,	1171  19328.5,	1169  19771.5,
1415  18704.5,	1412  34878,	1430  18061,
2189  24489.5,	2186  24744,	2173  45691,	2192  23965.5,	2182  24942.5,	2178  45573.5,	2181  45523.5,
1167  8195,	1163  14246.5,
1402  9179.5,	1446  8842.5,	1433  9103,	1440  9081.5,
1919  10242.5,	1857  10387.5,	1856  10482.5,	1854  17398,
2593  22187,	2586  38732,	2595  21760,
2474  20932.5,	2487  20926.5,	2492  20683,	2469  36901.5,	2510  20130,
2527  21056,	2522  37921,	2526  37853,	2567  19925.5,
1435  22183,	1433  42914.5,
2277  32254,	2284  31865.5,	2314  30993,
2261  30613,	2266  30168,	2247  31121.5,	2235  31653,	2233  57948.5,
2270  31117,	2298  30869.5,	2266  31773.5,	2261  59101.5,
2128  28558,	2123  29602.5,	2107  54014,
3097  36276.5,	3078  36608,	3112  35731.5,	3072  66357.5,	3117  34633.5,
3026  32482.5,	3003  34152,	3012  34120.5,
296  2329.5,	306  2290.5,
299  2268.5,	293  5241.5,	297  2319,	294  2380,
290  5217,	292  5213,	297  2317.5,	298  2233.5,	296  5195,
327  2517.5,	325  2519.5,	317  2548,	320  2531.5,	314  5780.5,
518  3314.5,	523  3202.5,
447  2742.5,	449  2624.5,	443  5574,	446  5554,	466  2574,	467  2570,
441  2819,	435  5585,	447  2692.5,
312  3980.5,	310  9479.5,	317  3912,	321  3567.5,	319  3735.5,
479  4652.5,
427  3761.5,	417  4174,	421  4073,	410  9731.5,
454  5009,	451  11925.5,	464  4918.5,	471  4464.5,
723  7104.5,	712  9307,	710  19647,	722  7859,
653  8190,	650  8363,	647  20548,	661  8095.5,
743  8973,	739  9166.5,	722  9220.5,	721  23257.5,
874  9012.5,	913  8994,	864  9616.5,	853  22533.5,
882  9077.5,	883  9069.5,	878  9171,	870  23251.5,	873  9402.5,
897  9073.5,	881  9487.5,	874  9502.5,	884  9142,	870  23138,
852  9371.5,	851  22700.5,	853  9218,	860  8986,	873  8868.5,	858  9111,	849  22769,
974  10303,
1197  10161,	1189  10539.5,	1185  11285.5,	1176  24947.5,
806  13380,	787  35929,	788  13410,	784  36000.5,	786  35988.5,
706  11838,	699  32035.5,
759  13255.5,	765  13217.5,	756  34771,	768  12819.5,	767  12890.5,
1086  35421,	1096  13622,
1011  12742,	1014  12602,	1017  12577.5,	999  32143.5,	1010  12989.5,	1007  32033,
1010  12799.5,	1002  12971,	1020  12685.5,	998  32425,
965  30642,	970  12247,	979  11983,
1338  14759.5,	1341  14136.5,	1333  36642,
1235  14015.5,	1255  13595.5,	1262  12910.5,
1329  13628,	1295  13910.5,	1291  14312.5,	1310  13754.5,
322  2568.5,	318  6658,	338  2523,	350  2502.5,
312  13276,	322  4039,	314  4244,	311  13332,	318  4051.5,
278  3544.5,	279  3541.5,	273  11109.5,	275  11089.5,
232  2868,	229  3050.5,
352  3819,	348  11565,	377  3717.5,	349  3964.5,
519  4571.5,	490  4988.5,	494  4845.5,	550  4468.5,	528  4558.5,
559  4898.5,	543  5171.5,	538  14626.5,
303  5258.5,
248  4063,	236  4091.5,	255  4026,	258  3993.5,
321  5688,	320  5820,	319  18173,	325  5682.5,	327  5679.5,	328  5532.5,
306  5418,	309  5415.5,	304  17797,
383  4925.5,	362  16321.5,	375  5192,	370  16026,
642  6876.5,	619  7806.5,	633  7454.5,	621  7790.5,	612  24526,
622  8062,	619  26146.5,
564  7567.5,	560  22154,
621  7368,	608  7776,
577  6775,	558  20964,	562  20616,	568  6869,	565  20583,	566  20577,
492  4205.5,	480  4231,	476  11520,	478  11492,	479  11478.5,
415  3785,	413  9808,	417  3656,
448  3984.5,	441  4075,	449  3973.5,
423  3656,	412  3702,	410  9993.5,
471  4074.5,	462  4164.5,	461  4190.5,	453  11048,	457  4230,
1054  12663.5,	1063  12415,	1026  13460,	1024  39570.5,
1110  13827,	1069  14330.5,	1131  13748.5,	1059  43916,
1073  14012.5,	1100  13527.5,	1095  13533.5,	1102  13036,
1103  14355,	1100  14785,	1086  44845.5,
1152  14768.5,	1130  45889,	1150  15154,	1164  14601,	1146  45822.5,
716  6474,	737  6353,	725  6452.5,	704  6591.5,	700  17548.5,	709  6491,
656  16007.5,	658  5708.5,
606  5381.5,	614  5300.5,	605  5638.5,	604  5701.5,
778  10477,	783  10302.5,	768  32556,	777  32490.5,
742  9823.5,
1491  14934.5,	1471  15138,	1461  15971,	1456  45195.5,
803  14148.5,	798  47800.5,	802  14487,
871  16372,	882  15634.5,	860  53075.5,	875  15833,	873  15918,
