545  5906.5,	544  5926,	534  5943,	541  5937.5,
765  7487,	1040  7453.5,
650  5849.5,
675  6052.5,
628  5648,
702  5803,	704  5753,
505  10706.5,	504  10743,
448  9641.5,
571  12787,
643  11226,	642  11248,
886  12486,	893  12478.5,	930  12468,
915  12572,	896  12655.5,	914  12645.5,
773  10254,
555  16507,	549  16516.5,
748  18511,
803  20254,	791  20382,
799  18986,	759  19021.5,
1105  23202,	1181  23187.5,
1012  19114.5,	990  19138.5,	1416  19085.5,
981  17845,	977  17875,	957  17883,
953  17450,	960  17422,	969  17386,
927  16336.5,	924  16346.5,	940  16288.5,	939  16312.5,	929  16324.5,
759  9312,
833  10423.5,	863  10393,	860  10399,	854  10415,
976  10611,	977  10578,	983  10520.5,	978  10544.5,
1203  10934.5,
1183  10548,	1167  10596.5,	1184  10525.5,	1222  10524,
1205  10717,
1227  10881,	1221  10973,
1012  22113.5,
1697  24844,	1730  24839,
1752  25740,	1776  25730.5,	1744  25820.5,	2594  25702,
1139  35837,	1874  35765,
1393  34775.5,	1395  34773,
2137  45199,	2121  45217,	2138  45059.5,
1160  14302.5,	1162  14295.5,	1696  14291,
1415  15435,	1413  15445.5,	2063  15379,	1407  15460.5,
1809  17298.5,
2509  38411,	2603  38410,
2441  36240,
2521  37447,	2520  37455,
1394  42441.5,	1905  42438,
2281  59475,	2276  59544,	2260  59606.5,	3028  59457.5,	3019  59463.5,	2257  59738.5,
2214  57414,	2206  57486.5,	2198  57543,	3280  57363.5,	3244  57375.5,
2219  58582,	3530  58261.5,	2240  58519.5,
2109  53769.5,
3030  65985.5,	3033  65979.5,	3042  65973.5,	3097  65526,	3059  65967.5,	3092  65653.5,
3039  61531,	2979  61540,
305  5441,	307  5431,	302  5444.5,	306  5439,
288  5248,
288  5182.5,
313  5741.5,	308  5778.5,
503  6848.5,
465  5498,	444  5556.5,	449  5513.5,
457  5566,	456  5568,	440  5599.5,	441  5598,	442  5593,
309  9549.5,	386  9465.5,	316  9548,	317  9512,
469  12491.5,	467  12523.5,
389  9588.5,
446  11887,	670  11753.5,
713  19479,	701  19635,	712  19587,
643  20449.5,
738  23310,	741  23224,	739  23249.5,	736  23321.5,	727  23380,	731  23365.5,	831  23198.5,
855  22502.5,	867  22470,	853  22651,
1871  22829,	846  22942.5,	1868  22917,	1853  22920,
877  23147,	878  23109,	890  23073,
847  22508.5,
968  26670.5,
1177  24627,	1163  24761.5,	1839  24575,	1162  24787.5,	1165  24724,
773  35639.5,	771  35760.5,
714  32070,	708  32094,	720  32045.5,	990  31964,
748  34394.5,
1111  35545.5,	1110  35625.5,	1493  35189.5,	1116  35513,
1261  31976.5,	1027  32250.5,	1022  32260.5,
1007  32228,	991  32261.5,	1684  32139,	1696  32111,
986  30517.5,
1332  36535,	1358  36422.5,
1676  33331.5,	1247  33493.5,	1236  33763.5,
1289  34419.5,	1286  34546,	1281  34627,
439  6602.5,	317  6649,
302  13232,
271  11081,
228  8883.5,	225  8891.5,
343  11468,	361  11358.5,	341  11620,	340  11632,
676  12397,	459  12424.5,
513  14463.5,	527  14461.5,
348  17487.5,	301  17517,	303  17507,	312  17491.5,
240  3982,	242  3969,	237  13051,	239  12943,	245  3886,
321  5741,	319  18201.5,	326  5735,	328  5685,	329  5672,
316  5399,	315  5483.5,	314  17835,
372  5107,	383  4656,	380  5055.5,	354  5224.5,	358  5221.5,	351  15990.5,	353  15930.5,
610  7715.5,
633  8783,	664  8477,	628  26388.5,
577  7313.5,	586  7198,	573  22197,
627  7868.5,	625  23692,	636  7379,	626  23558.5,
567  7066,	568  7061,	565  20735,	611  6840,	579  6888,
474  4233,	495  4227,
416  3653,	414  9809,
467  3982.5,	451  10903,	462  4071,	459  4115.5,	464  4018.5,
413  10009.5,	433  3693,	435  3664,	417  3718,
468  4061,	466  4142,	473  3943.5,	465  4261.5,	460  11025,
1043  12707,	1030  39674.5,	1071  12232.5,	1040  13616,
1069  14248,	1081  14144.5,	1087  13511,
1098  14601,	1103  14450.5,	1074  42252,	1105  13056,
1163  14373,	1148  14393.5,	1127  15388.5,	1125  45054.5,	1133  14945,
1136  14138,	1121  15378.5,	1116  46071.5,	1120  45939.5,
710  17544,	717  6469.5,	713  6627.5,	709  17593.5,
667  5890.5,	654  15992,
604  14571.5,	611  5403.5,
780  10420,	777  32614,	791  10341,	778  32560,
737  10037,	744  9832.5,
1476  15430,	1469  45296.5,	1518  15207.5,
820  14439.5,	829  14361.5,	805  48121,	806  47856.5,	822  14428,	815  14522.5,	811  47795.5,
897  15667,	885  15953.5,	883  53164,
