558  3465,	552  5970.5,	564  3327.5,	555  3519.5,	549  5978,
786  4564,	808  4342.5,	784  4657.5,	802  4523,	782  7580,	823  4341.5,
669  3772.5,	682  3658.5,	666  5997,	668  5991,	680  3704.5,	696  3569,	693  3576.5,	701  3477.5,
728  3517,	691  6150,	718  3595,	737  3511,	714  6146,
640  3391.5,	646  3377,	635  5766,	692  3369,
732  3439.5,	713  3512.5,	709  3709.5,	707  3744.5,	701  5835,	702  5816.5,	703  5795,	728  3468.5,	741  3352,
520  5734.5,	511  5899.5,	508  10813.5,
467  5198,
607  7000,	593  12933.5,	598  7151,	596  12872,
672  6504.5,	678  6214,	669  11366.5,	676  6392,	686  6057.5,
928  7055,	915  12762,	919  7162,
953  6942.5,	928  7009.5,	926  12741,
808  5941.5,	797  6197.5,	795  10312.5,	809  5928,	815  5660,	811  5863,	837  5620.5,	796  6271.5,
574  8605,	571  8619,	556  8799,
765  10582,	762  18950.5,	778  10340,	785  9377,	779  9407.5,
813  10613.5,	810  11322.5,	808  11608,	802  20583,	807  20546,
779  10437.5,	788  9988.5,	774  19317,	778  19290,
1168  12338,	1140  23474.5,	1143  12781,	1166  12634,	1142  13112.5,	1136  23511.5,
1039  11015,	1038  11280,	1035  19416.5,	1041  10134.5,
972  9086,
997  9001,	996  9987,	992  10228,	986  17816.5,
946  8944,	961  8422,	935  9140.5,	937  9119.5,	978  8224.5,	965  8361.5,
799  5358,	774  5378,	772  9359,
864  5970.5,	856  6174,	859  6162.5,	848  10485.5,	851  10462,	855  6220.5,	861  6100,	867  5929,
993  6146,	987  6584.5,	985  10675,
1237  6888,	1231  11121.5,	1242  6687.5,	1269  6594,	1232  6903,	1255  6622,	1292  6549.5,
1208  6252,	1228  6065.5,	1229  6061.5,	1171  6399.5,	1166  7013,	1227  6126,	1151  10504,
1224  6778,	1217  10773,	1230  6380,
1262  6518.5,	1254  6581.5,	1249  6805,	1245  11047.5,	1246  10999.5,
1054  11953.5,	1038  12124.5,
1780  13641.5,	1730  13746,	1823  13547.5,
1790  14807.5,	1784  26096.5,	1829  14329.5,	1816  14518.5,	1832  13945,	1806  14587,
1169  19151,	1167  36256,	1177  18903.5,
1420  18866.5,	1409  35040,	1412  35022,	1419  34859,	1423  18603.5,	1451  18416,	1444  18524,	1472  18186.5,
2182  23543.5,	2178  24996,	2174  45586,	2176  25525,	2169  45709,
1179  8368,	1159  14266,	1171  8374.5,	1184  8331.5,	1187  8229,	1202  8225,	1183  8353.5,
1410  9175.5,	1479  8980,	1436  9152.5,	1442  9133.5,	1470  8992,	1472  8991,
1847  10353.5,	1837  10419.5,	1835  17349.5,	1895  10288.5,
2635  21124,	2592  38847.5,	2593  21333,	2588  38980,
2509  20642.5,	2512  20639.5,	2534  20326,	2471  20981,	2522  20627.5,	2525  20622.5,
2575  20761,	2582  20546.5,	2564  20791,	2657  20383.5,	2525  21063,	2610  20497,
1435  22965.5,	1437  22021,	1429  23386.5,	1427  42896.5,
2311  31560,	2301  59854,	2308  31913.5,	2298  60131.5,	2303  59774,	2306  59720,
2239  30258.5,	2236  31208,	2235  31233,	2224  57901.5,	2230  57751.5,	2234  57625.5,
2296  30873,	2282  59254,	2285  59088,	2288  32483,	2292  31021,
2136  28469.5,	2162  28358,	2133  28931,	2130  54136,
3115  34512.5,	3101  35791,	3071  36140.5,	3067  66531.5,
3036  62096.5,	3040  33886,	3041  33876,	3054  32652,	3039  34563.5,	3038  61954,
302  2502.5,	309  2292,	301  5430.5,	304  2311.5,	308  2299.5,
296  5276,	297  5266,	299  2265.5,
300  2261.5,	289  2303.5,	287  2407.5,	294  2269,	308  2215,	286  5211.5,
313  5780.5,	316  2448.5,	310  5815,
527  3231,	529  3218.5,	526  6883,	549  3076.5,
470  2598.5,	449  5567.5,	456  5547.5,	459  2785.5,
463  2613.5,	442  2694,	432  2834.5,
315  3968,	321  3676,	316  3934,	312  9528.5,
486  12604,	487  5296,	491  4936.5,	507  4859.5,	484  12627.5,	488  5279.5,	509  4834.5,
430  3964.5,	410  4027.5,	432  3936,	405  9716,
456  4946,	464  4672,
697  8996.5,	716  7749.5,	718  7743.5,	731  7350.5,	708  8287,
653  8094,	650  20529,	656  7813.5,
728  9431.5,	755  8941,	731  9026.5,	717  23246,	729  9257.5,
891  8972.5,	869  9665,	872  9158.5,	858  22601,	879  9008,	871  9333.5,	860  22589.5,	893  8963.5,
880  8991,	894  8761,	873  9388.5,	865  23326.5,	867  23283.5,	869  23222.5,	870  9429.5,
882  8940,	880  23127,
856  8989.5,	861  8937,	853  22723,	854  22712.5,
982  26954,	997  10782,	986  26905.5,	992  10956.5,	1002  10670,
1189  10479.5,	1179  24971.5,	1184  24911,	1185  24871,	1186  24819,	1242  9809.5,	1203  10304,
790  12898,
712  32207,	713  11643.5,
769  12817,	757  13609,	755  34585.5,
1106  13703,	1103  35612.5,	1105  35491.5,
1007  12772.5,	1005  32207.5,	1029  12494,	1020  12549,	1037  12470,
1041  12490.5,	1037  12508,	1026  12731.5,	1022  13023,	1015  32445.5,
979  12284,	981  12082,	986  12008,	973  30757,	975  30719,	977  30607.5,	1019  11849,
1353  14667.5,	1343  14684,	1341  15165,	1335  36701,	1338  15186,	1337  36615.5,
1247  13607,	1239  33766.5,	1257  12899,
1297  13646.5,	1284  14707.5,
321  6675,	326  2639.5,	327  2538.5,	323  6642.5,	328  2400.5,
318  4264,	312  4377,	310  13324,	322  4158.5,
275  3428,
232  9001.5,	233  8999.5,	242  2851.5,	235  2887,
353  3783.5,	349  11592,	364  3763.5,	351  11544,
494  4578,	567  4288.5,	527  4298.5,	528  4295.5,
529  5192,	540  5072.5,	525  14636,
307  5246.5,
242  4114,	251  3813.5,	244  3947,	237  12975.5,
312  5509,	318  5434.5,	311  18222,
310  5503,	308  17832.5,	316  5284,
365  5029.5,	370  4824.5,	359  16053,	362  5243.5,
614  7749.5,	634  7246.5,	610  7943,	609  24098,	631  7635.5,	633  7625.5,
639  9017.5,	643  8416.5,	640  8841.5,	629  26340.5,	634  26328.5,	635  26202.5,
590  7834,	595  7091,	583  22369,	589  22058.5,
621  7481.5,	630  7269.5,	604  7563,	602  23643,
552  5742,	546  5926,
481  4223,	497  4188,	492  4201,	476  11510.5,	477  4260,	475  11511,
426  3617,	413  3635,
461  4005.5,	459  4138,	448  10857.5,	460  4042.5,	464  3983.5,	458  10841,
413  3651,	412  10027.5,
455  4061,	471  4042,
1062  12250,	1031  12848,
1069  13532,	1050  15063.5,
1067  13098,	1060  13571,	1059  42218.5,
1106  14642.5,	1103  45396,	1113  13680.5,
1114  15579.5,	1109  45851,	1150  14820.5,	1121  14967,	1151  14798.5,	1148  14835.5,	1155  14601,
715  6474.5,	716  6324,	709  6506,	708  17657,
661  5906,	679  5897,
606  5451,	610  5296.5,	609  5438,	599  14592.5,
772  32443.5,	783  10191,	781  10424,	792  10122.5,	774  10467,
754  10074.5,	766  9824.5,	745  31400,	748  31316.5,	752  10293.5,	758  10004,	747  31386,
1509  14870.5,	1473  15819.5,	1489  15657.5,	1496  15339,	1454  16359.5,
801  13896,
901  15855.5,	879  16421,	885  15902.5,	862  53075.5,
