547  3586.5,	563  3387,	561  3517.5,
777  4409,	776  7528.5,	823  4228.5,
681  3653.5,	686  3606,	677  5966,	690  3584,	699  3550,	715  3518.5,	679  3689,	676  5981.5,	693  3563.5,
704  3900.5,	774  3465.5,	744  3589,	723  3614.5,	752  3514.5,
653  3144,	650  3335.5,	641  3690,
710  3368,	701  5810.5,
524  5586,	518  5762,	515  5850,	510  10833,
475  5198.5,	488  5066,
608  6984.5,	621  6877.5,	605  7269.5,	611  6947.5,	601  12927,
670  6235,	689  6186.5,	690  6133,	674  6194,	668  11373,	665  11389,
926  7019,	953  6419.5,	934  6712,	914  7076.5,	907  12779,
924  7476,	920  12751,	951  6745.5,
832  5702,	797  5719.5,	790  6237.5,	861  5632.5,	789  10319,
559  9061.5,	556  16606.5,	560  8662.5,	566  8564.5,	558  9166,
774  9759.5,	770  10265,	764  18869,	765  18845,	794  9693.5,	769  18838.5,
827  10548.5,	805  11137.5,	810  11008.5,	815  10616.5,	804  20589.5,	821  10564.5,	811  10850,
779  10339.5,	788  9898.5,	771  10502,
1148  12425,	1127  12832,	1120  23394.5,	1126  23388.5,
1021  19412,	1023  19400,	1033  10383,	1073  9629,
976  10965,	967  18045,	973  18021,	986  9183,
968  9895,	987  9143.5,
945  16510.5,	980  8436.5,	958  8541,	947  8950,	942  16528.5,
770  9366.5,	779  5370,	800  5293.5,	778  5541.5,	774  9348,
852  10494.5,	860  6080.5,	869  5974.5,	863  6058,
996  10629.5,	999  6260,	1014  6134.5,	994  10662.5,
1252  6617,	1233  6841.5,	1237  6826,	1230  6894,	1245  6815,	1223  11075.5,	1255  6391.5,	1246  6701.5,	1266  6226.5,
1182  6325,	1205  6286,	1207  6258.5,	1157  10584.5,
1236  6648,	1240  6637.5,	1243  6400,	1248  6375,	1292  6343,	1219  10785.5,	1224  6795,	1213  10799,
1243  6774,	1269  6628.5,	1267  6679,	1263  6769.5,	1292  6540.5,
1037  11768.5,	1033  22402.5,	1034  12064.5,
1768  13738.5,	1771  13658.5,	1742  14121,	1740  24986,	1795  13644.5,
1786  14605,	1801  14220,	1811  13860,
1167  19289.5,	1175  18860,	1174  19181,	1177  18769.5,
1426  18411,	1422  18548.5,	1412  19399.5,
2202  24092.5,	2172  25517,	2161  45757,	2182  24099,
1181  8165.5,	1172  8375.5,	1171  14263.5,	1174  8222,	1170  14315,
1442  9010,	1432  9253,	1414  15570.5,	1436  9030.5,	1433  9135,	1458  8943,	1479  8855,
1932  10254.5,	1861  10906.5,	1882  10403.5,	1910  10338.5,	1854  17484,	1930  10274,
2580  22344.5,	2614  21966,	2577  38931,	2620  21529.5,	2608  22319.5,	2642  21472,	2649  21305,	2651  21238,
2466  21425.5,	2496  19976,	2487  20622.5,	2522  19769,
2590  20833.5,	2525  21058,
1435  42985,	1442  22773.5,	1447  22597.5,	1433  42990,	1454  22186.5,	1450  22512.5,	1439  42929.5,	1441  22973.5,
2302  31875.5,	2293  59973,	2295  59719.5,	2317  31380,
2265  30455,	2255  30810,	2251  31293,	2232  58021.5,	2245  57950,	2282  30251.5,
2282  31202,	2277  59380.5,	2295  31146.5,	2279  59219,	2281  59186.5,
2173  28072,	2174  28059,	2134  28158.5,	2133  28768,	2126  54004.5,	2130  53910.5,
3075  36616,	3066  66477.5,	3109  34446,
3102  33389.5,	3048  33416,	3046  34198.5,	3039  62063.5,	3043  61905,	3106  32827.5,	3108  32608,	3109  32599,
306  2298.5,	307  2293.5,	302  5425,	305  2434.5,	303  5422,
301  2225,	298  2437,	295  5281.5,
286  2307,	292  2182.5,	288  2256.5,	284  5224.5,
329  2584.5,	333  2551.5,	320  2622,	331  2579,	335  2545.5,	318  5828.5,	319  5808.5,
524  6910,	527  3213.5,
452  5572,	460  2639,	453  2824.5,	450  5574,
474  2524.5,	443  2580.5,	442  2690.5,	440  2836.5,	436  5669,
319  3771,	324  3603,	315  9553.5,
490  5149.5,	486  5157,	477  12515,	501  4816.5,	492  5058.5,
406  3772,
460  4826.5,	451  5161,	500  4814,	448  11921.5,
713  8247.5,	714  7537,	760  7491,	708  19550.5,
651  20586,	649  20609.5,	657  7932.5,
728  9256.5,	732  9158.5,	722  23286,	733  9079,	751  8995.5,
868  8799.5,	882  8756,	864  22492.5,
870  9171.5,	869  23272,	864  23295.5,
877  9507,	871  9903,	887  9439,	889  8888,
858  9263.5,	849  9302,	861  8801,	847  22659,
990  10157,	984  26692.5,	987  11139.5,	983  26905,
1166  10370,	1195  9925.5,
795  13617,	804  13404.5,	791  36027.5,	794  35968.5,	792  35977.5,	793  35971.5,
713  32237.5,	719  12052.5,	717  32132.5,	720  11990,	718  12215,
762  13873.5,	760  34688.5,	766  13117,	780  12907.5,	782  12756,	761  34688,	771  12946,
1102  13656,	1091  35438,
1007  12488,
1039  12289.5,	1014  12463.5,	1008  32405.5,	1011  12784.5,	1001  32459.5,
980  12080.5,	975  30755,	977  30679,
1341  14999,	1335  36611,	1342  14942,	1337  36501,	1338  36424,	1345  14590.5,	1373  14518.5,
1257  13602,	1263  13556.5,	1252  13991,	1283  13322,	1249  33669.5,	1264  13341,
1305  13860.5,	1296  13908.5,	1313  13588,	1288  34752.5,	1294  34702,
326  2481,	338  2401,	342  2387,	321  2651,	316  6655,
317  4401,	318  4074,	315  13328,
278  3466,	274  11101.5,
229  2783.5,
349  11595,	351  3985.5,	362  3750.5,
494  4460,
517  4976,	515  5570.5,	543  4960.5,	511  14615,	557  4893,
311  5496.5,	314  5329.5,	308  17602,	316  5234,
238  3972,	249  3849,
314  18167,	325  5481.5,	319  5667,	324  5657,	318  18118,
315  5312,	311  5500.5,	307  17883.5,
367  16083,	371  4894,	364  16087.5,
611  6824,	597  8489,
654  8318,	651  8590,	605  26175,	628  8739,
574  7049,	572  22106,
653  7278,	608  7735.5,	620  7478.5,	599  23596,	616  7652,
593  6430,	576  20612,	562  20942,	579  7154,	574  20713,	588  6748.5,
472  4233.5,	469  11526.5,	471  11516.5,	490  4230.5,
429  3603,	414  3669.5,	426  3609,	407  9819.5,	422  3655,	412  9802.5,
453  3953.5,	451  10834,
413  3704,	414  3701,	410  9987.5,
458  11039.5,	459  11016,	466  4011.5,	465  4251.5,	455  11070.5,
1032  12443.5,	1045  11765.5,	1027  13787,	1019  39555.5,
1059  13990.5,	1069  13288,	1051  43623,
1062  13237.5,	1099  13053,
1106  14475.5,	1110  13610,	1107  13788.5,	1100  14502,	1099  44939,
1106  13968.5,	1102  46085,	1161  13881,
718  6430.5,	720  6420,	705  17518,	709  6524,	715  6432.5,
666  5817,	664  15969,	659  16052.5,	661  16026.5,
600  5304.5,	599  14572.5,
780  10418,	777  32594,	781  10416,	804  10369,	779  10469,
744  9889,	745  9881,	743  31398.5,	742  31412.5,	748  9852.5,	769  9638.5,
1479  15647.5,	1477  15677.5,	1452  15785,	1487  15180,	1449  45129,
801  47878.5,	807  47785.5,	808  14329,	822  14250,
894  15795.5,	885  16013,	866  53051.5,	882  16153.5,	887  15871.5,	874  52926.5,
