549  3487,	544  5969.5,	563  3444,	551  3447.5,
802  4239,	796  4438.5,	793  7525,	778  7544,
681  3433.5,	675  3655,
694  6140.5,	744  3576.5,	721  3588.5,	709  3922.5,	713  3917.5,
645  5707.5,	653  3428.5,	692  3420.5,
761  3355.5,	702  3511,	715  3453,	701  5835,	726  3407.5,
515  5938.5,	516  5716.5,	522  5687.5,	510  6076.5,	507  10742,
493  5171,	472  9833,	477  5210.5,	486  5209,	473  9740.5,
598  12982.5,	602  12941,	619  6921,	608  6977.5,	606  7023,
688  6012,	670  11364.5,	671  6264.5,	675  6093.5,	663  11391,
940  7020.5,	953  6939.5,	964  6855.5,	961  6927,	966  6815,	924  7268.5,	906  7735.5,	904  12654.5,
941  6949.5,	921  7177,
796  6254.5,	790  10345.5,	793  10307,	800  5739.5,	823  5553.5,
568  8780,	569  8731,	574  8648,	563  8897.5,
772  18878.5,	784  9736,	778  10184,	774  18825,	775  10550,
825  10569,	789  10619.5,	782  20504,
775  10540,	781  10044,	778  10445,	774  19322,	782  9915.5,
1164  12603,	1150  12797.5,	1148  23473.5,	1145  23659,
1021  11389,	1016  19459.5,	1019  19399.5,	1030  10399,	1035  9978.5,
966  18009,	975  9121,
989  10020,	1005  9850.5,	1007  8887.5,	996  9962,	986  17698.5,
991  8034,	948  8958,	954  8626,	941  9493.5,	938  16438.5,	974  8298,	944  9368,	937  16456.5,
780  5428,	789  5347.5,	779  9383,	776  9396.5,	784  5383,	778  9384,
853  10479.5,	861  5966.5,	868  5931,	855  6218,
981  6242,	1005  6132.5,	1018  6126.5,	1020  6107.5,
1239  6699.5,	1238  6992,	1243  6691.5,	1251  6458.5,
1184  6372,	1221  6127,	1183  10669,	1206  6289.5,	1207  6211,
1227  6448.5,	1244  6382.5,	1268  6300.5,	1223  6898,	1220  10751,
1230  6408.5,
1036  11920.5,	1066  11796.5,	1028  22286,	1033  12271.5,
1757  14019,	1779  13759,	1814  13730,	1770  13907,	1752  14649.5,	1745  24934.5,
1811  14216.5,	1853  13895.5,	1835  13992.5,	1846  13969.5,	1780  14244,	1764  14995.5,
1202  18891,	1172  19015,	1168  36208,	1171  19143.5,	1181  18986,
1393  18472,
2177  45339.5,	2195  23736.5,	2171  45601.5,	2182  24747,
1180  8162,	1178  8520,	1174  14287,	1172  14290.5,	1168  14318,	1177  14259.5,
1416  15588.5,	1419  9038.5,	1457  8995.5,
1838  10254,	1836  10283,	1821  17440.5,	1880  10060,	1886  10057,
2611  22072.5,	2649  21773,	2612  21995.5,	2616  21818,	2607  22613.5,	2587  38980,
2526  20224,	2575  19763.5,	2520  20495,	2522  20489,	2492  20996.5,	2487  36941.5,
2524  37917,	2574  20941.5,	2536  21091,	2587  20840,	2535  21093,
1441  23045,	1432  42903.5,	1444  22398,
2291  31837.5,	2308  31220,	2300  31768,
2270  30423,	2239  31054.5,
2277  59266,	2285  31940.5,	2298  30930.5,	2280  59105,	2290  31246,
2142  28747,	2131  29725,	2128  53999.5,	2135  29606.5,	2154  28173,	2138  29393,	2145  28428.5,	2130  53822.5,
3069  36127.5,	3124  34451.5,	3091  35320.5,	3099  35198.5,
3049  34948,	3085  32583.5,	3052  32915.5,	3062  32681.5,	3041  61881,
308  2291.5,	300  2471.5,	303  2365.5,	299  5434.5,	305  2311.5,
299  2270.5,	297  5280,
291  2232,
319  2507,	318  5815,	326  2433,
538  3143,	542  3139,	524  3203.5,	521  6896,
457  2945.5,	460  2912.5,	455  5561.5,	462  2888.5,	466  2608,
447  2927.5,	459  2674,	475  2668,	448  2748.5,	443  5617,
315  3827.5,	313  9558.5,	319  3651,
479  5075,	477  12619.5,	510  4845.5,	478  5313.5,	490  5054,
410  4132.5,	427  3894.5,	430  3857.5,	411  3910.5,	404  9743.5,	407  4360,
455  4686.5,	452  11938,	465  4592.5,
713  7948.5,	735  7126,
661  7977,	651  20557.5,
724  23249,	737  8907,	726  9078.5,	715  23294.5,	718  23258.5,
899  8840.5,	876  9462,	875  22643.5,	886  8921,	883  9112.5,	874  22660.5,	913  8756.5,
897  9260,	905  9183,	871  9373.5,	870  23275.5,
880  9600,	897  8944.5,	885  9531,	888  9152.5,	876  23138,
860  9398.5,	868  9313.5,	859  22704.5,	873  8935.5,	856  22708.5,
997  10624.5,	990  10677,	989  11006.5,	973  11011,
1182  10817.5,	1188  10048,	1204  9894,	1179  24840,
782  35900.5,	785  35849.5,	786  35831.5,	791  13401.5,	796  13386,
723  11970.5,	707  32098,	709  12076.5,	717  12032.5,	729  11916,	732  11875,
761  34705.5,	763  12757,	757  34760.5,	758  34741,
1117  13696.5,	1119  13688.5,	1105  35467,	1102  35548.5,	1109  35362.5,	1112  13907,	1116  13757.5,
1018  12622.5,	1006  32223,	1017  32000.5,	1013  32156,	1009  32220.5,	1011  32176,	1039  12587.5,
1011  12487,	1008  32436,
974  11692,	965  12134.5,
1338  36709,	1343  36571.5,	1347  14081.5,
1252  13485.5,	1246  33648,	1247  13765,	1269  13224.5,
1287  13542.5,
328  2496.5,	324  6673,
320  4052.5,	319  4134.5,	313  4381,
276  3532.5,	274  11089.5,
234  2940,	239  2909,	242  2843,	233  3067.5,
349  4151,	348  11534,	354  4016.5,	359  3756.5,
515  4277.5,	516  4273.5,	495  4665.5,	492  12629,	523  3860,	514  4529.5,
544  5051.5,	536  5229,	518  5358.5,	555  4843.5,	517  14707,
308  5269.5,	306  17698,	307  17537,
246  3886.5,	240  4125.5,	243  3995,	239  13003,
318  5469,	316  18273.5,
319  5054,	305  5326,
361  5160.5,	394  4835.5,	359  16008,
642  7299.5,	616  7755.5,	613  7830.5,	609  24280,
626  8748,	671  8164.5,	641  8661,	660  8402.5,
586  7026.5,	561  22055,	577  7092,	574  7665.5,
618  7597,	631  7057.5,	611  23682,	616  23658,
558  20754.5,	572  6361.5,	564  7180,	560  20645,	615  6231,
473  11502.5,	476  4177,	475  11496.5,
411  3651,	410  9818.5,	422  3551,	420  3633,
453  4102,	468  3835,	451  10849,	459  4000,
418  3716,	414  10017.5,	423  3698.5,	431  3651,	429  3673.5,	417  3720,
455  4019.5,	468  4000.5,
1054  13006,	1078  11940.5,	1034  13617.5,	1038  13473.5,	1032  39646,	1068  12401.5,	1063  12863,
1088  13538,	1064  13637.5,	1062  43870.5,
1097  12975,	1058  13176.5,	1055  42338,	1057  42320,
1115  14315,	1089  15167,	1103  14886.5,	1111  14701.5,	1087  45041,	1113  14468,	1121  14106,
1115  13938.5,	1114  46059,	1154  13730,
717  6530,	708  17586.5,	722  6475.5,	710  6539.5,
664  16019.5,	665  16012.5,	678  5990,	669  5991.5,	668  6061.5,	679  5898,
618  5369.5,	622  5341.5,	599  5373,
771  10309.5,
748  9852.5,	741  10135,	740  31431.5,	753  9696,
1475  14846.5,	1476  14822.5,	1471  15607.5,	1461  15884.5,	1460  45353,	1468  15638,
807  14409,	800  47794.5,	809  14384,	821  14373.5,	823  14326.5,	802  47772,
893  15640.5,	874  15751.5,	872  53155.5,
