Factories	2
Families	10
Machines	2
SetupType	1

Number of Jobs in each Family
4	5	2	1	2	7	3	7	6	2

Jobs in each Family
0	1	2	3
4	5	6	7	8
9	10
11
12	13
14	15	16	17	18	19	20
21	22	23
24	25	26	27	28	29	30
31	32	33	34	35	36
37	38

Total number of jobs
39

Processing times of jobs
5	9
4	9
3	3
2	2
7	8
8	6
7	8
6	9
9	8
3	4
2	10
2	1
3	8
9	9
6	7
9	10
5	4
4	7
4	5
6	7
7	7
5	8
8	10
4	4
1	2
6	8
2	5
9	4
2	8
4	5
6	6
9	8
8	7
9	4
2	5
10	10
5	5
2	9
2	10

Stepup times between Families, where [f][f] represents initial setup time
On machine	1
3	11	17	15	12	13	5	13	6	6
3	20	8	8	6	17	12	18	7	5
17	10	5	19	14	19	6	9	7	1
5	10	6	7	12	15	14	10	12	13
5	8	20	5	5	15	15	2	11	11
4	18	20	16	8	20	5	18	12	1
9	6	8	17	7	5	14	13	11	18
18	4	8	15	13	20	13	6	18	12
13	4	3	5	11	14	1	2	20	7
10	8	8	14	7	14	19	20	16	3
On machine	2
15	6	3	2	15	16	15	19	5	11
11	13	17	16	4	5	7	8	12	3
11	14	16	11	5	19	19	2	10	3
12	4	5	9	8	13	18	8	9	5
12	2	20	9	18	4	16	15	4	16
11	18	5	15	5	4	1	12	15	3
3	16	5	9	5	17	15	18	20	18
4	19	20	3	20	12	16	10	1	2
20	6	5	8	11	2	10	10	10	9
18	7	11	2	7	16	5	14	9	17