Factories	2
Families	12
Machines	2
SetupType	1

Number of Jobs in each Family
8	1	9	6	1	2	4	5	5	7	7	1

Jobs in each Family
0	1	2	3	4	5	6	7
8
9	10	11	12	13	14	15	16	17
18	19	20	21	22	23
24
25	26
27	28	29	30
31	32	33	34	35
36	37	38	39	40
41	42	43	44	45	46	47
48	49	50	51	52	53	54
55

Total number of jobs
56

Processing times of jobs
3	1
10	4
5	1
4	1
5	10
7	1
5	2
5	5
1	6
8	1
2	4
9	5
2	3
1	9
4	9
6	3
10	6
6	8
1	6
1	4
5	4
6	8
5	9
1	8
4	3
10	10
2	5
6	1
10	5
6	3
4	1
7	1
4	4
9	10
10	9
5	8
8	2
4	4
5	8
4	7
1	10
7	4
9	6
9	4
9	10
2	5
9	4
6	5
6	1
6	10
8	7
10	9
7	1
10	1
7	8
7	8
10	4

Stepup times between Families, where [f][f] represents initial setup time
On machine	1
12	5	1	20	18	19	14	20	8	1	6	20
16	11	2	18	4	17	1	12	8	10	5	17
10	11	18	4	16	12	6	11	19	17	10	15
11	5	1	6	10	10	16	18	14	3	7	15
19	1	1	12	9	20	2	3	14	20	12	15
1	17	9	17	18	20	2	17	12	14	3	6
1	8	14	12	13	6	11	1	8	5	3	12
3	17	16	7	8	1	15	7	13	8	3	4
6	20	20	19	2	6	17	16	13	16	3	19
18	8	12	7	9	19	19	9	15	9	2	17
10	13	11	20	20	20	8	19	2	15	10	6
1	15	14	8	3	7	13	15	18	14	11	8
On machine	2
4	6	20	9	11	3	1	20	12	1	12	12
19	14	12	20	1	11	3	6	20	19	20	16
9	11	5	3	15	5	18	20	19	2	9	17
19	18	10	18	14	5	8	9	4	14	12	7
15	7	20	7	9	11	7	9	8	14	15	17
16	5	14	2	14	17	12	6	13	7	3	1
20	9	18	8	16	20	9	3	15	18	10	2
8	17	13	4	8	17	8	12	13	18	7	6
11	16	17	20	6	9	13	9	14	5	1	4
10	1	9	20	2	11	11	6	16	8	1	8
6	2	5	1	11	1	14	2	8	13	17	2
19	7	4	12	19	5	16	15	6	12	6	4