Factories	2
Families	14
Machines	2
SetupType	1

Number of Jobs in each Family
5	8	2	10	4	7	10	7	5	8	6	1	6	5

Jobs in each Family
0	1	2	3	4
5	6	7	8	9	10	11	12
13	14
15	16	17	18	19	20	21	22	23	24
25	26	27	28
29	30	31	32	33	34	35
36	37	38	39	40	41	42	43	44	45
46	47	48	49	50	51	52
53	54	55	56	57
58	59	60	61	62	63	64	65
66	67	68	69	70	71
72
73	74	75	76	77	78
79	80	81	82	83

Total number of jobs
84

Processing times of jobs
4	10
3	3
2	6
1	3
3	2
9	8
1	9
5	4
7	2
6	8
7	2
8	1
9	4
6	7
3	5
6	5
10	8
7	3
5	3
5	2
3	5
7	9
4	5
4	5
5	1
6	5
6	5
2	3
7	1
10	5
2	7
8	5
4	10
3	3
7	5
8	7
8	4
5	1
7	7
10	9
4	3
3	1
3	6
7	5
10	2
9	3
9	4
3	1
9	5
4	9
7	10
7	8
4	8
7	9
3	8
7	2
10	7
2	2
6	2
6	10
5	4
5	10
6	3
2	7
1	4
2	1
1	3
6	5
7	4
3	6
6	6
2	2
2	3
1	3
3	10
10	8
4	2
6	2
9	5
7	5
4	8
9	6
10	3
10	4

Stepup times between Families, where [f][f] represents initial setup time
On machine	1
19	5	11	19	13	12	3	19	9	3	19	18	4	13
7	12	15	2	7	7	12	4	9	17	14	9	7	20
12	11	8	13	16	13	8	5	15	2	16	10	7	11
10	11	9	18	7	4	11	19	16	13	13	9	9	19
7	8	8	17	5	17	16	8	1	13	20	18	3	13
16	5	3	4	6	6	8	8	20	10	8	7	3	4
5	19	16	10	20	15	13	6	17	1	1	10	6	16
19	8	13	3	20	5	7	13	11	13	14	15	5	13
4	10	9	7	2	2	15	4	7	16	20	12	15	14
7	11	7	11	19	2	4	20	16	14	14	15	19	4
8	2	5	19	14	1	11	3	13	20	12	1	16	19
20	18	8	2	16	12	2	15	18	16	13	9	15	19
20	6	9	18	7	6	15	9	13	12	13	9	12	6
20	17	20	19	10	5	1	19	4	9	14	12	5	17
On machine	2
6	6	4	2	15	6	10	13	7	7	19	10	5	2
12	17	9	15	12	8	7	3	15	1	5	11	19	1
12	1	16	4	12	2	12	6	7	4	5	16	12	13
5	20	18	6	8	18	18	19	13	1	7	1	7	6
2	12	2	10	14	20	8	20	9	1	18	4	14	4
18	20	7	8	2	11	18	10	9	16	8	16	14	3
14	19	19	12	20	5	14	4	17	20	8	13	10	2
15	2	9	5	2	14	1	15	11	6	16	17	14	12
5	10	18	10	11	3	5	11	15	20	5	13	17	4
3	1	6	15	5	17	14	17	10	11	7	13	1	13
14	7	9	19	15	15	10	6	17	18	11	13	12	14
19	5	7	6	3	17	9	16	15	7	13	9	4	3
16	18	8	9	19	14	12	6	14	13	14	3	19	20
6	19	19	11	5	9	8	10	7	15	13	11	19	20