348  4194.5,
452  5471.5,	778  5457.5,
580  6095.5,	581  6095,	497  6102,
404  4628.5,	403  4646.5,	402  4656.5,	422  4609.5,	414  4616.5,
371  4434,
568  6009,	623  5998.5,
523  5386,	529  5383,	575  5377,
552  5396.5,	534  5460,	527  5488.5,	606  5394,	537  5416,
456  4210,	454  4212,	448  4222.5,
588  5952,	544  5960.5,
751  7468.5,	804  7464.5,	811  7462.5,
690  5856.5,	689  5878.5,
731  6132.5,
885  5774.5,	884  5776.5,	881  5794.5,	654  5812,	724  5803.5,	938  5734,
710  5791.5,	747  5774,	703  5810.5,
532  10809.5,	528  10829,	518  10878,
480  9842.5,	753  9796.5,	706  9837,
604  13028,	612  13002.5,
527  10863.5,	528  10788,	521  10884,
826  10313.5,	504  10349.5,	501  10432.5,
768  12422,	694  12484.5,	727  12441,	1072  12398.5,	700  12451.5,
714  12407,	774  12362.5,
644  10924,	1049  10923,
676  11374.5,	688  11357.5,	674  11417.5,	783  11326.5,	752  11332,	1229  11324,
733  12556.5,	736  12551,	731  12580.5,	732  12579,	730  12592.5,	728  12687,
1001  14638,	1027  14580,	1066  14538,	1061  14566,
1019  14031,	948  14103,	965  14035.5,	1075  13941,	1081  13937,
984  12842,	943  12891.5,	935  12939.5,
973  12789.5,	966  12938,	1215  12780.5,
853  10574,	852  10634,	917  10461,	859  10508.5,	913  10478,
574  16652.5,	565  16691.5,	564  16727.5,
527  15942.5,	526  15978.5,
541  15940,
796  19987.5,	653  19991.5,	1018  19883,	1011  19905,
610  18372.5,	608  18381.5,	606  18392.5,	748  18337,	612  18363,	922  18325,
665  15048.5,	678  14963,	676  15043.5,
1215  19474.5,	769  19569,	789  19496,
798  18863.5,	783  18947.5,
851  20694,	814  20704,	887  20574.5,	897  20571,
802  19249,	780  19328.5,	798  19297,	807  19248,	818  19243,
1201  23692.5,	1184  23996.5,	1188  23693.5,
1110  19680,	1460  19546.5,	1065  19682.5,	1390  19599.5,	1627  19336,	1058  19745,
1103  17811.5,	1099  17853.5,	1059  18064.5,	1013  18274.5,	1046  18139.5,	1026  18262.5,	1061  17951,	1058  18076.5,
967  17659.5,	965  17707,	981  17645,	1012  17627.5,	1067  17449,
968  16362.5,	1005  16347.5,	1009  16345,	937  16383.5,
792  9449.5,	793  9440.5,	1210  9431.5,
887  10634,	888  10600,	1551  10550,
1024  11980.5,	987  11997,	1068  11975,	994  11981.5,
846  9942.5,	844  9959,
897  11017.5,
1063  10781.5,	1053  10786.5,	1031  10790.5,	1191  10771.5,
1033  10598,	1041  10534.5,	1038  10567,
1319  13238,	1430  13205,	1234  13300,	1259  13280.5,
1125  12036.5,	1350  11970,	1301  12032.5,	1118  12058.5,	1374  11968.5,	1334  12006.5,
1005  10803,	1103  10780.5,
1519  11140.5,	1638  11115,	1304  11175.5,	1327  11147,	1265  11216,
1284  11230,	1286  11154,	1290  11153.5,
1209  10606.5,	1203  10628.5,	1200  10729,	1227  10605.5,
1634  10929,	1283  10934.5,
1384  11249,	1358  11297,	1470  11118.5,	1437  11150.5,	1430  11174.5,	1381  11257.5,	1373  11279.5,
1073  22624.5,
1351  22094.5,	1334  22110.5,	1052  22136,	1064  22111,
889  17999,	1397  17802.5,	1349  17832.5,	897  17884.5,	1056  17875,	891  17885,	890  17955.5,	1506  17732,	1489  17799.5,
1144  20274.5,	994  20311.5,	980  20324.5,
1087  21306,	1025  21396,	1033  21327,	1031  21355.5,
1298  21964.5,	1301  21956.5,
1495  26459,	1473  26596.5,	2260  26450,	2661  26445.5,
1869  23938.5,	1393  24067.5,	1401  23945.5,	1386  24087,
1819  23919.5,	1432  24111,	1429  24136.5,	1481  23967,	2343  23865,	2337  23866.5,	1402  24170.5,	1387  24249,
1400  24516.5,	1453  24510,	2619  24136,	2526  24225.5,	1671  24376,	1397  24552,
1925  24849.5,	2166  24645,	2185  24630,	2164  24725.5,	1889  24856,	1888  24884,	1877  25246,
1862  23844.5,	1986  23590.5,	2012  23546.5,	1981  23658.5,	1794  23872,	1790  23910.5,
2029  25573.5,	2027  25597.5,	2132  25407,	2106  25466.5,	2104  25527,	2227  25403,	1901  25711.5,
1900  26534,	1918  26493.5,	1962  26148,	1955  26343,
2019  28809,	2011  28875.5,	1997  28931,	2114  28748.5,	2249  28594,	2172  28730.5,	2196  28698.5,	2171  28739.5,
1043  30584,	1037  30761.5,
1190  35863,	1874  35593.5,	1870  35629.5,	1202  35742,	1281  35713.5,	1378  35711,
1126  33701,	1142  33459.5,	1131  33554,
1215  36453.5,	1209  36604,	1203  36623,	1391  36435.5,
1141  33581.5,	1138  33699,
1614  38437,	1540  38445,	1533  38490,	1676  38393.5,
1516  36523.5,	1508  36810,	2808  36376,	2709  36419,	2707  36437,
1429  33431,	1472  33403.5,	1570  33280.5,	2671  33128,
1454  32767.5,	1399  33138,	1449  32875.5,	1409  32966.5,	1430  32927,
1495  35847,	1521  35568,	1517  35695.5,	1513  35731,	1510  35765.5,	1498  35789.5,	1506  35777,	1490  35891.5,	2599  35357.5,	1623  35479.5,
2331  46375,	2322  46915,	2321  46923,
2284  48004.5,	2279  48046.5,
2197  43476,	2222  43002.5,	2219  43083.5,	3019  42643.5,	3014  42657,	3003  42693,	3528  42497.5,
2211  45563,	2253  44445.5,	2229  44753.5,	2217  45009,
2207  44584,	2304  44536.5,	2200  44805.5,
1206  14293.5,
1391  16197,	1350  16207.5,	1346  16226.5,
1191  14178,	1196  14159.5,	1218  14144.5,	1819  14104.5,	1815  14126,	2169  14088.5,
1314  15091.5,	2034  15035,	1274  15110.5,	1267  15115.5,	1578  15067.5,	1597  15064,	1276  15094,	1303  15093,	1389  15071,	1446  15070,
1226  14474.5,	1328  14454.5,	1217  14489.5,	1216  14496,
1519  15903,	1682  15752.5,	1545  15819.5,	1542  15865,	1949  15643,
2629  18031,	1659  18049,
1562  16074,	1538  16141,	1554  16118.5,
1699  15343.5,	1500  15361,	1498  15477.5,	1528  15355.5,
1596  16856,	2585  16756.5,	2571  16762.5,	1586  16872.5,
1870  15923.5,	1872  15891,	1865  15939,	1902  15814,
2977  18695,	2069  18799,	2117  18773,	2147  18710.5,
1997  17873,	2017  17849.5,	2154  17798.5,	2119  17847,	2945  17767,
1832  15986.5,	1925  15982.5,	1936  15976.5,
1787  15085,	1826  15076,	1781  15159,	1847  14888,	1882  14880,	1834  14971.5,
1707  36460.5,	1733  36355.5,
1766  37028,
2397  34233.5,	2800  34195,	1799  34270.5,	2638  34219.5,	1640  34334.5,
1721  36236.5,	1750  35999,	1902  35918,	1829  35971.5,	1827  35976.5,	1724  36052.5,	1723  36167.5,
1612  34080,	2921  33854.5,	2876  33950.5,
2010  35157,	2051  35110,	2040  35141.5,	2071  35061.5,
2066  35299.5,	2018  35331.5,	2012  35403.5,	2231  35176,	2227  35212,	2229  35208,
2002  35214,	2128  35202,	3323  35158,
2721  35535.5,	3917  35478.5,	2043  35636.5,	2041  35749,	2082  35632.5,
2201  38416.5,	2261  38378.5,	2352  38253.5,	2125  38600.5,
2913  39713,	2904  39903.5,	2999  39631,	2992  39655.5,
2999  43658.5,
2890  40685,	3143  40412.5,	3102  40520.5,	5100  40163.5,	4665  40272.5,
2777  37660,	2893  37617,	2766  38279,
2956  39598.5,	3077  39535,	2926  39886,	2925  39987,	2908  40192.5,	3808  39474.5,
1535  43798.5,	1528  43820,	1660  43741.5,	1518  43973.5,
1655  47508.5,	1619  47640,	1650  47639,	2379  47502.5,	3104  47483.5,
1757  51642,	1733  51724,
1712  49419.5,	1660  49471.5,
1856  48655.5,	1788  48798,	1682  48955,	1767  48853,	1670  48985.5,	1787  48839,	1658  49027,	1716  48951,
2705  65853,	2603  65934.5,	2594  66214.5,
2488  61786,
2477  59739.5,	2606  59700,	2699  59692.5,	2463  60195.5,
2439  61239,
2307  55535,	2292  55885,
3595  67016.5,	3460  68123.5,	3572  67455,	3508  67985.5,	3549  67746.5,
3536  62942.5,	3506  63308.5,	3500  63320.5,	3452  64186,	6298  62796,	6296  62845,
3538  65514.5,	3424  65780.5,	3421  66091,	3420  66115,
3475  68858,	3447  69453,
3331  65078.5,	4594  64731.5,
320  5439,	313  5456.5,	316  5456,	310  5465.5,
295  5269.5,	302  5268,	336  5252,
317  5255.5,	315  5259.5,	305  5280.5,
329  5835.5,	328  5840.5,
285  4578.5,	280  4581,	273  4625.5,	271  4653.5,
365  5409,	360  5431,	359  5444,
343  4880,	342  4888,
373  4994,	371  5005.5,
364  5331.5,	488  5313,	479  5322.5,
354  5388,	497  5385,
489  5952,	488  5958,	479  6002,
509  6173,	507  6195.5,	506  6215.5,	660  6147,	655  6151,
573  7049,	571  7065,	569  7069,	718  6967.5,	724  6963.5,
486  5588,	478  5602,
487  5699,	485  5705,	484  5722,	483  5746,
358  9625,	334  9658,	332  9674,	331  9682,	461  9620,	460  9624,
340  10314.5,
291  8622.5,	290  8679.5,
360  10908,	354  10941.5,	359  10931,
343  10252,	342  10258,	340  10278,	414  10180,
468  11159,	466  11167,	465  11219,	464  11282.5,	609  10970.5,	602  11047,	601  11075,
496  12691,	494  12722.5,
595  12646,	591  12686,	533  12853,	516  12988,
449  9678,	426  9719.5,	425  9859.5,	424  9863.5,
533  11890.5,	508  12262.5,	514  12238,	506  12331.5,
755  14126.5,	812  13991.5,	806  14078,	795  14118,	804  14113,
676  11025,	672  11076.5,	666  11102.5,	655  11184.5,	665  11170.5,
650  13961,
728  13415,	726  13459,	1010  13136.5,	1089  13124,	1088  13132,
808  13943.5,	719  14244,	713  14270,	767  14177.5,	781  14163,	806  14143,
359  15298,	356  15332,
361  14844.5,	352  14881.5,	366  14841.5,	350  14971,	452  14750.5,	451  14762.5,	450  14798.5,
358  14765,	357  14891,
433  17009.5,	448  17003.5,	432  17027.5,	703  16838,	424  17159.5,	418  17206.5,	415  17219.5,	414  17243.5,	413  17293,	701  16980,
388  16540.5,	383  16585.5,
542  17916.5,	538  18020,	528  18106,	527  18135,	525  18174,
510  17433.5,	520  17429,	507  17551,	506  17576.5,	502  17635.5,	501  17683.5,
599  16761,	537  16882,	586  16815,	588  16812.5,	542  16876,	520  16934,	519  16971.5,	517  17115.5,
587  21336.5,	578  21399,	581  21393.5,
541  18174,	539  18275,	602  18141.5,	601  18163.5,	684  18128,	538  18491,
730  19688,	729  19714.5,
754  22640.5,	927  22001,	926  22049,	925  22064,	924  22189.5,	921  22199.5,	920  22207.5,	917  22373.5,
939  25239,	920  25320,	851  25655.5,	872  25575,	871  25590.5,	870  25625.5,	864  25650.5,	918  25548,
834  23718.5,	853  23680.5,	827  23749.5,	830  23743,	826  23760.5,	824  23774,	867  23676,	821  23815.5,
845  19869,	756  20092.5,	843  19893,	755  20182.5,	751  20302.5,
584  10074,
576  10272.5,	574  10280.5,
550  9598.5,	552  9588.5,	558  9559,	582  9518,	580  9558.5,
555  9593,	554  9619,
530  9032,	523  9052.5,
732  11086,	729  11128,	722  11148,	1110  11009,	939  11071,	1099  11046,	1094  11059,	1083  11065.5,
735  11125,
839  12732,	829  12740,	821  12822,	817  12828,
844  9780,	663  9842,
682  10607,
961  12139.5,	1299  12021.5,	1304  12019.5,	1290  12037,	1268  12071,	1275  12069,
868  10366,	867  10480.5,	1178  10328.5,
1216  11066,	1213  11085.5,	1211  11116,	1192  11166.5,	913  11324.5,	974  11292.5,	912  11352.5,	964  11322.5,
1055  11267.5,	957  11372.5,	940  11395.5,	949  11386.5,	1444  11196.5,
1090  12675.5,	1084  12681.5,	1106  12671.5,	1245  12639.5,	1248  12639,	1082  12885.5,	1078  12915.5,	1026  13025,	1025  13106,
699  21344,	754  21339,
726  21942.5,	728  21941.5,	734  21939,	725  22103.5,	1045  21835.5,	1055  21830,	1044  21880,	1345  21761.5,
827  24998,	821  25011.5,	803  25073,	1926  24876,
679  20750.5,	694  20743,	676  20766.5,	675  20878.5,	1349  20721.5,
761  23491.5,	753  23499.5,	1879  23310,	1878  23326,
933  23133.5,	997  23043.5,	925  23187.5,	1301  23040.5,
949  23801.5,	946  23938.5,	1133  23360,	1130  23392.5,	1192  23330,	1129  23491,	1116  23550.5,	1126  23536.5,
999  23889.5,	984  23939,	980  23959.5,	979  24135,	1085  23833.5,	1078  23886.5,	1324  23510.5,
884  23078,
1053  27352.5,	1075  27317,	1497  27206,	1489  27226,
1428  28621,	1440  28561,	1424  28718.5,	1426  28717,	1422  28760,	1421  28980.5,
1703  27548,	1702  27564,	1365  28270,	1363  28410,	1598  28058,	1597  28070,
1384  27872.5,	1980  27849.5,	1976  27861.5,
1391  29615.5,	1389  29682,	1386  29898.5,	2230  29250.5,	2221  29466.5,	2215  29474.5,	2650  29246.5,	3036  29090,
1407  26282,	1403  26296.5,	1394  26334,	1393  26423.5,	1388  26556.5,	1694  26128,	1778  26061.5,	1967  25940,	1643  26226.5,	1951  25960,	2113  25938.5,	1384  26964,
822  36445.5,	1115  36058.5,	1209  35994.5,	1201  36024,	1708  35943,	1707  35973,	1091  36344,	1071  36427,	1087  36408,
768  32714.5,	781  32654,	797  32575,	798  32572.5,	766  32773,	920  32411,	914  32537,
810  34987.5,	867  34865,	805  35030,	800  35057.5,	846  34931,	797  35233.5,
749  32817,	746  32843,	745  32929,	744  33001,	1173  32755,	1166  32757,	1160  32787,
797  35925.5,	1126  35692,
1099  40687.5,	1106  40676,	1111  40644.5,	1134  40631,	1142  40611.5,
1083  37649.5,	1045  37719,
1019  35240,	1628  34698,	1621  34734.5,	1613  34739,	1564  34804,	1546  35072,	1540  35161,
1095  39673,
1171  41031.5,	1144  41160.5,	1123  41256,	1477  40808.5,	1475  40922.5,	1471  40964.5,	1928  40631.5,	1891  40675,	2604  40391,	1882  40791,
1841  42652,	1804  42771.5,	1642  43143,	2355  42223,	2348  42253,	2091  42553.5,	1638  43383,	1634  43464,	1580  44158.5,
1633  38774,	1530  39078.5,	1627  38971.5,	1880  38721.5,	1528  39333,	1523  39969,	1511  40017.5,	1506  40415.5,
1760  44682.5,	1818  44679,	1725  45540,	1704  45615,	1680  45753.5,	1652  45882,	3657  44360.5,
2124  49756,	1833  50010.5,	2024  49858,	1931  49968,	1811  50274.5,	1721  51043,	1707  51079.5,	1713  51079,	1705  51169,
1599  45645.5,	1587  45768.5,	1586  45968.5,
921  15742,	899  15764,	2216  15628,	2147  15674,	2133  15720,	1994  15730,
931  14620,	955  14614.5,	860  14659.5,	851  14672.5,	849  14680,	846  14690.5,
912  16247,	1221  16212,
942  16491,	941  16506.5,	924  16516.5,	928  16516,	937  16514.5,
987  16224,	929  16288.5,
1534  18604,	1236  18795,	1213  18856.5,
1276  15068,	995  15243.5,	1030  15229,	1047  15228.5,	1275  15113.5,
1144  17120.5,	1101  17148,	1125  17141,	1652  17118,
1121  16614.5,	1106  16644,	1091  16694,
1620  17965.5,	1193  18144,	1167  18209,	1427  18105.5,
1362  17362.5,	1360  17405.5,	1356  17432.5,	1352  17505.5,	1552  17345,
1415  17415,
1186  14952.5,	1258  14920,	1515  14909.5,
1362  17412.5,	1477  17410.5,	1954  17318,	1809  17353,	1808  17355,
1336  17440,	1441  17436.5,	2117  17267,	1877  17368,	1948  17366.5,	2023  17348,
1095  31917.5,	1458  31750.5,	1078  31974,	1063  31994,	1052  32045.5,	1044  32097.5,	2731  31712,	2723  31720,
1174  36111,	1340  36062.5,	1162  36139,	2082  36013,
1067  32629.5,
1077  33167,	1091  33092.5,	1090  33103,	1123  32971.5,	1112  33014.5,	1109  33061.5,
1062  31232.5,	1037  31418.5,	2770  31131,	2746  31146,	2710  31192.5,
1514  37400.5,	1529  37397,	1497  37546,	1504  37533,	1493  37568.5,	1510  37529,	1488  37608.5,	1470  37951,	1477  37925,	2211  37113,	2192  37341.5,	2158  37345.5,
1370  34465,	1369  34510,	1365  34554.5,	1360  34583.5,	1727  34175,	1636  34410,
1426  35887,	1411  35958.5,	1800  35829.5,
1346  33805.5,	1387  33682.5,	1366  33769.5,	1369  33764,	1415  33632,	1364  33795,	1479  33487.5,	1478  33552.5,	1473  33592.5,	1761  33443,
1421  35777,	1415  35944.5,	1493  35765.5,	1992  35398.5,	1665  35656.5,
1933  37476.5,	1911  37549.5,	1888  37966,	3585  36909,	3143  37081,	2726  37461.5,	3105  37429,
1953  39175.5,	1964  39165,	1952  39460.5,	1944  39551.5,	2655  38666.5,
2066  42070.5,	2048  42141,	2671  41424.5,	2667  41646,
1983  37937.5,	1980  38079,	1950  38776,	1943  38822,	1941  38931.5,	2676  37646,
2033  41839.5,	2000  42006,	2027  41962.5,	2020  41985.5,	2183  41603,	2169  41715,	3094  41152,	3113  41151.5,	3083  41159.5,	3076  41200,	2731  41348,	2726  41558,	2701  41581.5,	2712  41577.5,
1158  50839,	1334  50730.5,	1324  50782,	1804  50381.5,	1760  50422.5,	1704  50599,
1291  56621,	1297  56608.5,	1283  56690.5,	1278  56787.5,	1277  56824.5,	1831  56271,	1828  56486,
1102  47710.5,	1099  47758.5,	1125  47708,
1110  46755,	1144  46721.5,	1107  46797.5,	1095  46864,	1487  46408,	1091  47005.5,	1546  46380.5,	1544  46384.5,	1473  46528,	2312  46187,	1988  46338.5,	1934  46365.5,	2190  46309,	2158  46330,
1169  51324.5,	1251  51283,	1161  51571,
1601  57280.5,	1583  57619.5,	1588  57607.5,	2237  56695,	1884  57229.5,	2036  57220.5,
1550  53559.5,	1526  53699.5,	1514  53747.5,	1512  53855.5,	2147  53500.5,	2143  53512.5,
1559  56439.5,	1549  56685.5,	2172  55898,	2168  55923.5,	2167  56150.5,	2155  56187.5,
1791  57904,	1787  58014.5,	1777  58032.5,	1633  58396.5,	1628  58408.5,	1763  58349,	1627  58492.5,	1617  58644,
1539  54390,	1534  54425,	1526  54470,	1553  54352,	1977  54288.5,	1976  54327.5,
2358  63142,	2297  63740.5,	2287  63788.5,	2350  63585.5,	2349  63618,
2273  60766.5,	2263  60932,	2258  61037.5,	2253  61145.5,	2246  61420,	2212  61838.5,	2238  61784.5,
2367  64868,	2345  65379,	2321  65787.5,	2327  65727.5,	2339  65619.5,	2741  64377,	2736  64641,
2268  64764,	2296  64691.5,	2428  64533,	2493  64344.5,
2202  58440,	2183  58489,	2180  58554,	2547  58031.5,	2544  58121,	2179  58854.5,	2539  58185,
252  6054,
226  5207,	225  5213.5,	354  5177.5,	353  5187.5,
236  5487,	268  5470,	267  5483,
249  5299.5,	247  5301.5,	244  5305.5,	348  5265.5,	347  5272,	243  5347,	345  5279.5,
174  3974,	188  3969.5,
260  4131.5,	259  4136.5,	250  4283,
297  5317.5,	309  5315.5,	293  5399,
339  5720.5,	329  5757.5,	328  5777,	327  5787.5,	300  5829.5,	314  5818,
297  5278.5,	291  5292.5,	283  5301.5,	289  5298.5,	282  5306.5,
352  6757.5,	349  6765.5,	591  6738,	589  6740,	586  6754,
406  6774,	416  6764,	952  6633,
440  6235.5,	399  6299,
501  5494,	512  5492,	439  5563.5,	442  5561.5,	406  5636,
414  6384.5,	417  6380.5,
413  5137.5,	419  5135.5,	406  5189.5,	422  5131.5,	410  5187.5,	402  5304,	400  5382,	506  5080.5,
261  10277,	260  10419,
348  14304,
335  13441,	424  13390,	331  13519.5,
292  11226,	290  11256.5,	441  11119.5,
236  9028,	263  9009,
376  11494.5,	375  11860.5,
372  12974,	371  13055.5,	682  12934,	681  12937.5,
367  9795,	413  9716.5,	366  9811,	412  9773.5,	513  9707.5,
401  13273.5,	427  13262.5,	514  12974,	432  13244.5,	513  12994,	492  13066.5,	489  13102.5,
379  11662,	378  11674,	376  11748.5,
734  15816.5,	733  15828.5,	732  15836.5,	663  15995.5,	589  16134.5,	639  16053,	585  16154.5,	584  16182.5,
528  13111,
575  13259,	567  13273.5,	566  13316.5,	565  13423,	564  13451,	563  13460.5,	538  13592,	537  13848,
688  12572.5,	669  12813,	554  13187.5,	667  12899.5,	665  12925,	553  13505,
642  15027,	641  15074.5,	590  15330,
310  17637.5,	313  17637,	322  17634,
249  13033.5,	254  13027.5,	248  13061,	246  13067,
316  18150,
314  17742.5,
355  16949.5,	321  17138.5,	320  17281.5,	319  17353,
464  22528.5,	469  22486.5,	463  22615.5,	483  22426,	481  22468,	462  22741,
373  16290.5,	439  16084,	518  15975.5,	372  16445.5,
436  19675.5,	443  19652.5,	427  19830,	468  19637,	425  19932,	473  19634,	424  19986,	487  19626,	519  19545,
448  21147.5,	437  21350,	447  21333.5,
373  16302,	425  16218,	412  16250.5,	408  16280.5,
644  24557,	738  24283,	734  24307,	745  24278.5,	730  24373.5,	643  24882,
656  26895.5,	689  26552.5,	653  26993.5,	687  26672.5,
632  22469,	619  22643.5,	618  22733.5,	616  22883.5,
665  23820,	657  24216,	954  23641.5,	655  24312,	653  24330,	953  23722.5,	948  23803.5,	646  24837.5,
721  20729.5,	584  21450,	712  21444.5,	716  21438.5,
625  11582.5,	502  11651,	614  11634,	613  11638,
663  9877,	439  9963.5,	432  9971,	660  9895,	658  9917,	645  9921,	608  9947,	600  9951.5,
460  10942.5,	463  10936.5,	464  10932.5,
453  10151,	649  10122.5,	644  10128.5,	449  10188.5,	692  10120.5,
485  11205.5,	481  11258,	1067  11145.5,	1022  11153,
515  10262,	629  10206,	574  10254,	594  10251.5,	1080  10124,
643  13277,	639  13295.5,	800  13222.5,
618  11654,	631  11644.5,	615  11666,	612  11864.5,	1025  11616,	1162  11614,
651  11837.5,	650  11869,	649  11879,	761  11832.5,	641  11897.5,	609  11967,	608  11977,	606  11985,	603  11999,	601  12013,
866  10878.5,	737  10918,	807  10899,	806  10907,	559  11007.5,	555  11015.5,	726  10971,
765  9779,	763  9789,	762  9791,	731  9858,	742  9856,	711  9959.5,	710  9979.5,
832  11479.5,	831  11505.5,	742  11621,	754  11617,	741  11659.5,
736  10515.5,	675  10688,	732  10603.5,	731  10615.5,	729  10625.5,	882  10436,
813  11610.5,	810  11618,	947  11530,	935  11577.5,	933  11581.5,	1188  11368.5,	1153  11456,
815  12501,	814  12505,	805  12517,	962  12416.5,	927  12475,	957  12474.5,	1256  12338.5,	1271  12335.5,	1249  12378.5,	804  12831.5,	803  12841.5,
416  15200,	413  15211.5,	410  15234.5,	407  15298.5,	865  15002,	938  14984.5,	728  15186,
505  19514,	503  19572,	504  19571.5,	502  19614,	1250  19428.5,	1247  19440.5,
494  19557.5,	493  19637,	561  19481,	565  19473.5,	645  19405.5,	640  19429.5,
636  24580.5,	635  24677,	633  24693.5,	707  24579.5,	891  24473,	627  24998.5,	886  24535,	1348  24341,
545  21676,	1118  21524,	1063  21551.5,
806  26702,	833  26660.5,	797  26738,	787  26775.5,	792  26771.5,	783  26819,	771  26903.5,	1204  26513,	1203  26529,	1934  26278.5,	1923  26357.5,
722  24076.5,	718  24106.5,
900  23608.5,	897  23615,	786  23822.5,	768  23869,	764  23881.5,	779  23847,	892  23652.5,	778  23861.5,	763  23953,	762  23977.5,	891  23726.5,	1469  23461.5,
767  21801.5,	869  21653.5,	759  21904.5,	756  21920.5,	867  21704,	738  22033.5,	959  21630,	736  22139.5,	732  22165.5,	730  22295,	716  22466,	709  22572,
872  22795.5,	864  22807.5,	752  23294,	747  23417.5,
1334  30315,	1324  30364,	1200  30659,	1152  30972,	1141  30983.5,	1138  31092.5,	1131  31251,
1533  29080,	1410  29312,	1700  29062,	1382  29632.5,	1185  30103,	1186  30102.5,	1369  29723,	1193  30098.5,	1184  30187,	1169  30327,	1176  30307,	1178  30302.5,	1142  30463,	1121  30632,	1358  29964,
1070  28882.5,	1086  28868,	1069  28971,	1064  29008,
1010  28455.5,	1039  28438.5,	1806  27698.5,	1800  27722.5,	1795  27746.5,	1788  27754.5,	1786  28232.5,	1778  28372.5,
1036  28865,	1035  28869,	1545  28197,	1697  28160,	1535  28325.5,	1506  28365,	1534  28347,	1504  28449.5,	1411  28640.5,
564  32051,	576  32009,	582  31993.5,	574  32029.5,
622  34975,	615  35010.5,	827  34925,	614  35114,	608  35204.5,	1007  34921,
664  37799.5,	662  37822,
572  32764,	570  32776,	569  32861,	709  32625,	703  32732.5,	688  32758,
585  32930.5,	577  32939,	575  33015.5,	573  33046.5,	572  33062,	1923  32778.5,	1919  32796.5,
816  35871,	813  35979.5,	943  35836,
779  35414.5,	797  35384.5,	947  35012,
803  37358.5,	801  37408.5,
986  36616.5,	1078  36526,	985  36628.5,	1077  36541.5,	980  36652.5,	1461  36242,	808  36995.5,	1455  36338,
769  38007,	820  37981,
1461  40304,	1125  41282,	1443  40649,	1121  41690,	1390  40991,	1369  41111,	1366  41165,
1368  44747.5,	1363  44816,	1360  44960,	1356  44975.5,	1329  46615,	1322  46676.5,
1206  44378,	1204  44608.5,	1203  44662,	1198  44752,	1201  44722.5,	1776  43151,	1767  43193,	1766  43311.5,	1756  43373,	1690  43581,	1679  43629,	1673  43677,	1672  43902.5,	1671  43938.5,	1670  43944.5,
1226  46968,	1221  47238,	1224  47220,	1216  47282,	1209  47402,	1754  45780,	1672  46270,	1642  46597.5,	1661  46549.5,
1374  47658.5,	1361  47706.5,	1645  47400,	1636  47580,	1635  47592,	1633  47637,	1284  48289.5,	1250  48361.5,	1279  48361,	1247  48517.5,
766  17855.5,	765  17873.5,	761  17907,	760  17983.5,	1810  17853,
693  16185,	692  16258.5,	691  16274.5,
854  14224.5,	690  14257,	613  14273.5,	610  14294,
635  14898,	634  14914,	666  14873.5,
654  14819.5,	652  14843.5,	651  14869.5,	650  14877,	646  14894,	1836  14758,	1835  14772,	1833  14793.5,
799  15798.5,	798  15845,	815  15760.5,	811  15792.5,	832  15752.5,
1106  16983.5,	862  17101,	851  17132,	857  17131,	846  17192,	2911  16965,
885  17908.5,	906  17891.5,	883  17992,	1229  17858,	1220  17890,
857  17184,	853  17237.5,	852  17262.5,	1124  17137,	1295  17092,
1659  16150,	837  16448.5,	1639  16195,	823  16538.5,
1221  19002,	1203  19127.5,	1129  19211,	1684  18926,	1125  19339.5,	1128  19337.5,
1575  17280.5,	1275  17420.5,	1141  17489,	1140  17524.5,	1139  17529,	1461  17385,	1096  17568,	1135  17548.5,	1094  17649,	1089  17661,	1082  17691,
1036  16881.5,	1058  16856,	1282  16632,	1206  16768,
1016  16897,	1006  16938,	1014  16933,	1013  16934.5,	988  17174.5,
1233  16109.5,	1230  16159.5,	984  16337.5,	978  16341,	975  16355,	1133  16281.5,
971  39485.5,	950  39599.5,	1512  39483,
845  34667.5,	844  34704,	842  34797,
851  34000.5,	834  34084.5,	841  34064,	1024  33912,	1039  33909.5,
829  32976,	805  33045,	1888  32884,	1882  32951,
800  31952.5,	793  32056.5,	792  32068.5,	949  31861,	948  31876,	946  31892,
1104  37664,	1101  37706.5,	1090  37728,	1080  37732,
1542  37828,	1530  37895.5,	1168  38421.5,	1153  38471,	1151  38517.5,
1180  40512,	1200  40470.5,	1540  39976.5,	1700  39950.5,	1856  39929.5,	1319  40321,	1314  40409,	1488  40280.5,
1056  34512.5,	1053  34521,	1051  34669,	1286  34408.5,	1045  34712.5,
1190  38560.5,	1165  38628.5,	1148  38678,	1206  38556,	1146  39025.5,	1315  38547,	2007  38076,	1776  38135,	1760  38147.5,	1753  38395.5,
1523  39109,	1521  39510.5,
1603  44559.5,	1601  44667.5,	1597  44842,	1687  44450,	1592  44882,	1712  44376.5,	1681  44503,	1930  44037,	1950  44025,	1903  44260.5,	1898  44336.5,
1624  43951.5,	1633  43949,	1617  44156,	1863  43936.5,	1616  44653.5,	2880  43504,
1878  41728.5,	1574  42573.5,	1572  42813.5,	1571  42845.5,	3159  41297.5,	3157  41305.5,	3102  41593,
1651  47663.5,	1636  47713,	1947  47623.5,	1941  47631.5,	2397  47550.5,
849  48497,	3019  48099.5,
1355  53977,	1828  53921.5,	936  54372,	1350  54138.5,	1812  53963,
981  55041.5,	977  55049,	954  55222.5,	930  55281,	3019  54786.5,
1688  59704,	1674  59809,	1060  60250,	1052  60334,	1489  60052,	1424  60132,	1051  60424,	1034  60464,	1027  60527,	1020  60554.5,
1172  47313.5,	1170  47382.5,	1167  47422.5,	858  47832,	850  47955,	1166  47708.5,
1258  59876.5,	1256  59978.5,	1549  59463.5,	1548  59529.5,	2920  59089.5,
1603  69664.5,	1970  69343,	1937  69379,	1598  69746,	1582  69844.5,	1425  70160,	1407  70214.5,	1923  69562,	1403  70490.5,
1224  56961.5,	1212  57131,	1578  56817,	1569  56865,	1748  56725,
1228  57657,	1227  57690,	1223  57789,	1867  57427.5,
1262  56264.5,	1261  56360.5,	1260  56402.5,	1254  56474.5,	1253  56486.5,	1681  56041.5,	1592  56214,
2927  61834,	2200  62930,	1824  64026,	2197  63093,	2921  62073,	2618  62437,	1803  64393.5,	1809  64368,
1964  68611,	1960  68653,	1950  68781.5,	1948  68871.5,	1940  69839.5,	2448  67254.5,	1918  70364.5,	2480  67229,	2445  67433,	2426  67554.5,	2333  67783.5,
2048  63661,	2134  63610,	1970  64130.5,	1969  64304,	1811  65201.5,	1804  65752.5,	1799  65980.5,	1797  66119.5,	1796  66365.5,
1692  61644,	1682  62022,	4168  60208,	2460  61426,	2456  61444,	2455  61480,	3753  60833,	3693  61387,
1895  62780.5,	1897  62779.5,	1918  62705.5,	1911  62751.5,	1907  62773.5,	1894  63286,	2273  62179.5,	2265  62191.5,	1893  63455,	1830  64161.5,	2261  62272.5,	1824  64777,	1874  64011,	2251  62467.5,