272  5605.5,	306  5449.5,	252  5780,	274  5536.5,	258  5650.5,
345  7316,	348  7290.5,	327  7385.5,	336  7373,	341  7321.5,	352  7254,	340  7337.5,	325  7423,
339  8557.5,	369  7821,	364  8068.5,	360  8075,	356  8379.5,
318  5983,	291  6188,	302  6161,	312  6139.5,	309  6148.5,
571  5791.5,	307  5793,	293  5803,	315  5792.5,	276  5873.5,	274  6213.5,
459  7811.5,	458  7815.5,	457  7836.5,	449  7979.5,	442  8272.5,
487  6956.5,	450  7014.5,	440  7176.5,	427  7196.5,	419  7221.5,
421  7556,	425  7193,
365  5630,	367  5480,	360  5633,
436  7857.5,	431  7913.5,	441  7775.5,
717  9855,	697  10148,	699  10080,	690  10161,	700  9955,
691  7831.5,	594  8001.5,	593  8042.5,	591  8101.5,	615  7842.5,
573  7901,
608  7622.5,	619  7477.5,	606  7821.5,	617  7614,
657  7802.5,	718  7554,	665  7662.5,	651  8089.5,	664  7708.5,
420  13953,	416  14079.5,	404  14187,	413  14084,	399  14222,	411  14159.5,	395  14533,	398  14441,
342  12860.5,	386  12572.5,	370  12647.5,	353  12766.5,	390  12356,
468  16706,	454  17000,	445  17073.5,	440  17081,	461  16882.5,
390  13959.5,	379  14095.5,
409  13457,	392  13554.5,	388  13577,	379  13585,	425  13082,	373  13646,	402  13501.5,	414  13448,
561  15737.5,	554  16094.5,	598  15664.5,	559  16073.5,
537  16228.5,	561  16112.5,	559  16127.5,	555  16134.5,	565  15908.5,
534  14440.5,	555  14412,	696  14225,	586  14282.5,	582  14324.5,
543  14680.5,	537  14833,	557  14520.5,	556  14582.5,	551  14596.5,
576  16497,	607  16318,	578  16360,	613  16090,
862  18627,	856  18732,
991  18092.5,	914  18114.5,	905  18454,	897  18622,
843  16638.5,	863  16352.5,	894  16157,
871  16304,	863  16541,
715  12955.5,	701  13118.5,	700  13322.5,
430  21798.5,	446  21425,	432  21596.5,	420  22227,	457  21031,
413  20530,	408  20958,	409  20928.5,
442  20831.5,	435  20897.5,	424  21097,	416  21149,	432  21026.5,	475  20669.5,	452  20773,
489  26270,	510  25541,	508  25816.5,	498  26200,
483  23394,	478  23445.5,	470  23972,	457  24299.5,	496  23365,	472  23743.5,	459  24076.5,
562  19132,	589  19036,	597  18820,
655  24839.5,	649  25187.5,	648  25284.5,	643  25542.5,	642  25572.5,
649  24922.5,	661  24110,	665  23811.5,	657  24133.5,	663  23877,
647  25947,	634  26381,
677  24596,	655  24627,	646  24680.5,	1186  24316,	1176  24488,
1008  29563,
960  23890,	956  24127.5,	948  24292,	943  24405,
941  22533.5,	940  22551.5,	923  22957.5,	922  22975.5,
938  21893.5,	916  21956.5,	933  21928,
825  19954,	824  20083,
573  12515,	545  12872.5,	546  12532,	581  12466,
581  14111,	633  13811.5,	566  14357,	600  13871,	605  13868,	629  13814.5,
660  15753,	637  15863,	680  15697,	689  15663,	725  15640.5,
609  12946,	577  12991,
628  14693.5,	613  14899,	639  14683,	672  14526,	641  14556,	620  14734,
746  13742,	719  14113,	717  14260,	825  13720,	736  13936,
762  13840.5,	780  13747,	853  13702.5,	817  13737.5,
915  17573.5,	888  17594.5,	999  17249.5,	923  17351.5,
877  15646.5,	852  15656,	783  15807.5,	826  15747,	838  15740,
723  14130.5,	700  14374.5,	806  14030.5,	712  14325.5,	701  14337.5,
925  14324.5,	974  13915.5,	965  13966.5,	945  14140.5,	934  14223.5,
1161  14680,	1205  14212,	1158  14758,	1176  14429,	1163  14498,	1083  14821.5,
921  13514.5,	907  13532.5,	895  13681.5,	900  13603.5,	878  14054.5,	893  13950.5,
1183  13950,	1150  14524,	1184  13894,	1178  14057.5,	1168  14385,
1113  14164.5,	1026  14607,	1019  14785,	1087  14251.5,
742  29437,	754  29194,	749  29250,	752  29237,
837  28335,	844  28238.5,	820  28442,	812  28517,	796  28830,	771  29007,	767  29019.5,	789  28869,	809  28759,
645  23056,	636  23356,	666  22947,
712  26399,	731  26183.5,	722  26319,	707  27027,	704  27039.5,	730  26301,	756  26049.5,	709  26496,
754  27876,	763  27566.5,	778  27420,	744  28151,
1056  28524,	1077  28244,	1067  28505,
1117  33237.5,	1109  33865.5,	1106  34159.5,	1097  34235.5,
1040  31190.5,	1079  30188,	1041  30393.5,	1065  30299,
1090  30607,	1079  31060,	1061  31182,	1055  31265,	1065  31071,	1064  31161.5,
1127  30798,	1106  30871.5,	1074  31467.5,	1087  30885.5,	1080  30949.5,
1597  31356,	1639  31128.5,	1584  31802,
1470  30106,	1462  30347,	1546  29748,	1531  29883.5,
1623  32006,	1579  32199,	1571  32609,
1654  34205,	1696  33813,	1727  33626,	1684  33937,
1819  36087.5,	1786  36266,	1716  36539.5,	1704  36693.5,	1735  36414.5,	1765  36318.5,
838  39325,	827  39361.5,	810  39792.5,	796  39934,	815  39692.5,	825  39665,
968  45877.5,	884  46214.5,	934  46007.5,	900  46160,	864  46597,	878  46398.5,
875  43208.5,	831  43368.5,	834  43329,	823  43436.5,	810  43980,	817  43924,	858  43303.5,
927  47356.5,	953  47325.5,	908  47697,	1813  47306,	907  47760,	895  47841,	906  47766,
828  42857.5,	866  42664,	827  44288,	816  44315,
1255  49142,	1261  49106.5,	1253  49190,	1269  48978.5,	1248  49856,
1232  46686,	1230  47044,
1170  42018,	1143  42171,	1237  41610.5,	1132  42467.5,	1185  41782.5,	1176  41789.5,
1181  42081.5,	1139  42336,	1157  42087,	1131  42788.5,
1155  44714.5,
1994  58289,	1962  58438.5,	1992  58376.5,
1920  60848.5,	1922  60334.5,	1918  60897.5,	1913  60968.5,	1928  60132.5,	1954  59815,	1921  60628,
1994  54275.5,	1963  54702.5,	1938  54964.5,
1874  56686.5,	1867  56838.5,	1924  56016,	1922  56058,	1911  56300.5,	1888  56505.5,	1880  56508.5,	1868  56700.5,
1920  56502.5,	1914  56917.5,	1911  57318,	2024  56407.5,
802  19191,	839  18677,	835  18796.5,	842  18604,	814  19046.5,
911  21916,	952  21274.5,	927  21484,	926  21489.5,	984  21034,	914  21719,	959  21242,
805  18616,	794  18728,	797  18726,	823  18520.5,
887  19857,	901  19804,	925  19631,	933  19433,
831  19161,	861  18877.5,	884  18593,	850  19012,	848  19050,	824  19199,
1115  20457,	1114  20467,	1069  20866,	1134  20146,	1040  21073,	1073  20695.5,
1173  23881.5,	1178  23866.5,	1191  23462.5,	1190  23566.5,	1149  23893.5,
1023  21029,	1060  20818,	1118  20778.5,
1024  19700.5,	1019  20116.5,	1073  19595.5,
1111  21934,	1098  22216,	1110  22068,	1102  22076,	1139  21642,	1129  21718,
1348  19864,	1344  19957,	1326  20124,	1503  19858,
1343  23328.5,	1327  24141.5,	1353  23274.5,
1381  23008,	1403  22701,	1401  22750,
1362  20750,	1411  20271.5,
1416  18893,	1377  19200,
1320  47194.5,	1282  47245,	1236  47577,	1220  47631,	1244  47371,	1237  47470.5,	1254  47312.5,	1247  47336.5,
1216  47574.5,	1249  47365.5,	1261  47221.5,	1239  47549.5,	1190  47940.5,
1134  44071.5,	1132  44627.5,	1116  44974.5,	1150  43853.5,	1124  44696,
1151  47433.5,	1170  46600,	1196  46204,	1189  46577,	1168  47167,
1147  43852.5,	1182  43828,	1116  44666.5,	1144  44239,
1541  45096.5,	1611  44781.5,	1566  44907,	1682  44740.5,	1653  44754.5,
1505  44492.5,	1498  44509,	1487  44713.5,	1474  44814.5,	1508  44454.5,
1527  46046.5,	1549  45668.5,	1563  45643.5,	1540  45782.5,	1567  45039,	1519  46321,	1514  46504.5,	1547  45738.5,
1494  45222.5,	1581  44918.5,	1511  45149.5,
1676  49244.5,	1564  49790.5,	1599  49276.5,
2240  49104,	2227  49266,	2226  49302,	2208  49325,	2255  48953,	2220  49303,
2398  54694,	2378  54993.5,	2434  54269,	2400  54522,
2253  49660,	2287  49615.5,	2245  50080.5,
2065  46982,	2082  46924,	2090  46812,
2300  48455.5,	2263  49591,	2295  48524.5,	2273  48742.5,	2301  48363.5,
1112  55662,	1105  56245.5,	1163  55535,	1088  56490.5,	1094  56341,
1270  60718,	1241  61185,	1244  60789,	1222  61400.5,
1228  67000.5,	1260  65750.5,	1235  66494.5,	1222  67133.5,	1230  66776.5,
1185  64412.5,	1217  63505.5,	1242  63266.5,	1200  63615.5,	1194  63957.5,	1190  64119.5,	1199  63893.5,
1227  62148,	1212  63141.5,	1220  62292.5,	1279  61973,	1211  63188,
1932  84435.5,	1941  83442.5,	1937  83760.5,	1974  82459.5,
1903  77739,	1940  77718,	1895  78373,
1860  75344.5,	1895  75162.5,	1868  75198.5,	1858  75395,	1839  75675.5,
1879  77441.5,	1900  77290.5,	1935  76137.5,	1905  76225,	1902  76254.5,
1747  69935.5,	1766  69404.5,
2832  82392.5,
2843  76380,	2839  76422,	2718  76703,
2657  80772.5,	2686  79588.5,	2660  80283.5,	2676  79622.5,	2666  80194.5,
2805  85955.5,	2843  85113,	2831  85536,	2829  85846,
2711  78905,	2673  79790,
250  7107.5,	240  7128.5,	229  7396.5,	227  7420.5,	215  7506.5,	230  7243.5,
230  7085.5,	227  7140.5,	241  6762.5,	570  6742,	226  7365.5,	233  6997,	212  7384.5,	225  7374,	211  7386.5,
212  7302,	213  7217,	223  6914,	226  6906,	221  7080,
255  7611.5,	232  7828,	244  7702,
202  6215.5,	207  6066.5,	205  6109.5,	208  6046.5,	199  6362.5,
343  6859,	331  7123.5,	320  7136,	309  7340.5,	287  7344.5,	335  7077,
281  6393.5,	293  6391,	317  6304.5,	267  6860.5,	271  6430.5,
316  6570,	338  6507,	305  6746,	297  6753.5,
295  7011.5,	292  7247.5,	329  6993,	317  7000,
288  7509,	284  7540.5,	307  7097,	291  7365,	300  7180,	296  7270,
437  7763,	455  7713,	417  7780.5,
459  7847,	449  7903,	444  7976,	438  8070,	434  8082,	448  7965,
552  9268,	572  9061,	509  9321,	558  9202.5,	522  9274,
427  7699,	460  7451.5,	470  7283,	463  7285,
463  7192.5,	460  7194.5,	452  7373.5,	428  7626.5,	458  7249,	443  7379,	437  7535,
246  12481.5,	241  12686,	242  12519.5,	264  12264,
259  13455.5,	297  13303,	276  13381,	288  13360,	256  13619,
266  11185.5,	275  11104,	235  11188,	273  11123,	220  11244,
302  14120.5,	267  14639.5,	294  14242,	293  14337,	284  14342,	273  14362,
256  13376,	251  13591,	271  12948.5,	268  12962,	246  13996,
366  14834,	369  14089,	367  14433,
489  16273,	473  16290.5,	431  16902,	435  16447.5,
417  16385,	438  15943.5,	437  16016.5,	423  16173.5,
354  12444.5,	340  12908.5,	339  13016.5,	347  12653.5,	353  12472.5,	348  12490.5,	345  12894,
421  15637,	410  15820.5,	400  15958.5,
618  17688,	616  17777,	627  17686,	615  17833,
527  13533,	516  13684,
591  18209.5,	581  18228.5,	578  18578.5,	605  18203,	606  18028.5,	597  18206,
597  16170.5,	596  16584.5,	581  16613.5,	573  16715.5,
710  17582,	627  17711,	616  17787,	615  17868,	665  17585,	647  17648.5,	625  17786.5,
277  20313.5,	285  19874,	295  19834.5,	282  20236,	294  19852.5,	306  19679,	299  19735,	297  19810,	284  20159,
271  19209.5,	294  18788,	269  19846,
305  18655,	277  18739,
308  21867.5,	314  21480,
295  21278.5,	289  21550,	293  21286.5,	300  21053,	287  21715,
435  22415,	418  22550,	415  22703,
429  22262.5,	433  22260.5,	428  22815.5,	426  22861,	463  22161,
435  20905,	429  20943,	424  21241,
489  27732.5,	511  27060.5,	494  27676.5,	495  27405.5,
433  23231.5,	459  22852.5,	449  22972,	437  23185.5,	435  23191.5,
657  24612.5,	665  24113,
683  27799.5,	682  27823.5,	681  27901.5,	698  27747.5,	672  28404.5,	680  27965,	679  28360.5,	699  27590,
746  32111,	743  32452,
688  29402.5,	803  28997,	797  29329,
673  24411,	660  24450.5,	685  24320.5,	642  24579,	621  24655.5,	676  24369.5,
384  13416,	380  13509,	379  13884,	403  13138,	388  13143,	427  13005,
457  13414.5,	452  13438.5,	443  13467.5,
406  12331,	376  12682,	387  12444,	366  12691,
397  12895.5,	396  12969.5,	405  12711.5,	398  12878.5,	404  12748,	399  12761,	383  13211,	406  12693.5,	390  12974.5,	418  12470.5,	389  12991.5,	415  12642.5,
343  12226.5,	347  12212.5,	349  11916.5,	359  11832.5,
545  14280.5,	515  14382.5,	543  14346.5,
626  14614.5,	583  14678,
565  16772.5,	569  16754.5,	567  16762.5,	547  16906.5,	571  16614.5,	573  16486.5,
508  12592.5,	501  13081.5,
566  14645,	627  13704.5,	601  13784.5,	574  13977,	590  13848.5,
787  15302,	802  14974,	777  15359,	764  15407,	800  15287.5,	728  15542.5,
725  13378.5,	748  13087.5,	742  13363.5,	728  13373.5,
822  14540.5,	807  14551.5,	855  14355,	859  14322,	771  14658.5,
678  13991,	656  14154,	672  14128,	654  14602,
795  16406.5,	790  17025.5,
511  27642,	517  27352,	518  27301,
514  28916,	519  28890,	603  28209.5,	539  28455,	542  28273,	524  28527,	520  28658,
587  32354.5,	575  32778.5,	604  32146.5,	593  32263.5,	579  32366,	574  32856.5,
556  26675,	485  26727,
554  30658,	571  30646,	588  29780.5,	578  30611,	581  30587.5,	582  30255,
767  29414.5,	734  29737.5,	742  29682,	724  30233,	787  29373.5,	761  29496.5,
710  30895.5,	727  29945,	722  30238.5,	721  30637.5,
699  30302,	733  29671,	706  29874,
722  29993,	2063  29621,	734  29755,	739  29697,
825  34513.5,	881  34436.5,	808  34580.5,	876  34497.5,	796  34800,
1069  35711.5,	1083  35373.5,
1135  35234.5,	1116  35411.5,	1161  34522,	1145  34919,
1112  34841,	1071  35082,	1072  34983.5,	1078  34866,
1113  37880,	1119  37728,	1147  36811.5,	1139  36880,	1138  37688,
1104  32228,	1094  32418,	1077  32702,	1133  32202.5,
581  46525,	579  46579,	604  46444,	574  46963,	609  46287,	625  46234,	592  46478,	575  46711,
539  41894,	537  42278,	522  42647,	531  42555,	536  42502,
583  45412.5,	594  44848.5,	592  45003,	565  46190,
548  42706.5,	565  42623,	567  42238,
636  46915,	609  47031,	637  46912.5,	627  46998.5,	660  46312.5,	656  46317.5,	665  46105,	638  46683.5,
949  51347,	889  51719,	928  51473.5,
848  47605.5,	843  47766,	837  47858.5,	834  47902,	829  48232,	828  48452,
809  43971.5,	800  44696.5,
892  50319,	916  50271,
869  52401,	858  52427,	908  51582.5,	889  51678.5,
1304  52142.5,	1302  52225.5,	1297  52237.5,	1330  52139,	1289  52711.5,	1286  52767,	1283  52845,
1248  47504,	1241  48257,
1368  55203.5,	1359  55978.5,	1409  54310,	1392  54791.5,
1523  62155,	1310  62580.5,	1358  62193,	1354  62340,
1323  58143.5,	1337  57393,	1347  57334.5,	1357  57212.5,	1333  57475.5,
597  20813,	631  20466.5,	632  20442,	600  20744.5,	657  20227.5,	652  20263,	617  20731,
555  19179,	544  19300,	568  19011,	566  19026.5,
595  21397.5,	591  21487.5,	590  21549.5,	605  21237.5,	654  21034,	584  21561.5,
640  21435.5,	638  21809,	672  21389.5,
660  20928.5,	636  21274.5,	614  21295.5,	597  21417.5,	650  21256.5,
850  23925,	849  24453,	833  24475,	831  24678,
709  19354,	690  19646,	679  19688,	664  19728,	693  19499,	696  19403,
712  22487.5,	727  21949.5,	724  22341.5,	744  21939.5,
757  21494,	750  21545.5,	767  21413,
787  23408,	793  23394,	784  23651,	812  22636,	776  24023,
1114  22089,	970  22936.5,	976  22185.5,
953  21849,	982  21760,	1012  21743,
926  19373.5,	962  19123.5,	942  19172.5,	945  19142.5,	927  19274.5,
1096  21918.5,	1011  22217.5,	1072  21947.5,
954  22167.5,	938  22385.5,	960  21983.5,
809  40886,	789  41051.5,
838  46645.5,	831  46881.5,	848  46075.5,	844  46480.5,
757  42668.5,	763  42130.5,	803  41932.5,	808  41814,	783  42104.5,	759  42281,	762  42247.5,	791  41993,	790  42061.5,	773  42105.5,
745  42322,	737  42903,	752  42231,
716  39993,	741  39911.5,
1055  48443,	1084  47076,	1082  47222,	1067  48176,	1069  48017,
1072  43838,	1037  44190,	1057  43875,	1055  44106,
1060  45083,	1075  44921.5,	1070  44982.5,	1066  45071.5,	1053  45201.5,
1024  42210.5,	1009  42417.5,	1007  42441.5,
1032  44589,	1068  44476.5,	1064  44563,
1504  45621,	1532  44946.5,	1502  45691.5,	1521  45256.5,
1518  47970.5,	1509  49536.5,
1585  52291,	1604  51515,	1590  51733,
1445  46885,	1452  46654.5,	1497  45882.5,	1456  46565.5,	1459  46051.5,
1513  50014.5,	1474  50092.5,
854  65519.5,	858  64910,	903  64465,	901  64567,
926  72345,	900  72731.5,	960  71820.5,
807  60742,	792  62162,	793  60973,
821  59555,	787  59961,	824  59488,	832  59483,	802  59560,	789  59945,	794  59709,	776  60191.5,
857  65933.5,	854  66276,	872  65762,
1324  72094,	1215  73425,	1268  72104,	1244  72340.5,	1265  72137.5,	1229  72650.5,
1211  66630,	1194  67767,	1205  67225,
1266  70267.5,	1252  70797,	1238  70996,
1212  72471.5,	1215  72075,	1188  72765.5,	1203  72673,	1201  72750,
1158  67933,
1892  76904,	1844  77204.5,	1872  77109.5,	1858  77118.5,	1803  77306.5,
1778  73971.5,	1760  74431,
1777  77081.5,	1775  78178.5,
1896  79365,	1869  80318.5,
1722  70906,	1712  70977,	1769  70665,	1709  71864,	1707  72161.5,
179  8245.5,	204  8022,	190  8241,	206  7908.5,	195  8051.5,	194  8071.5,	193  8185.5,
170  7088.5,	168  7106.5,	186  6748.5,	188  6737,	178  6933.5,	173  6997.5,
178  7416.5,	188  7356,	179  7358,	199  7267.5,
193  7113.5,	524  6871.5,	205  6932,	189  7202.5,	195  7060.5,	188  7233.5,
167  5192.5,	146  5305.5,	147  5238.5,	135  5320.5,
219  5398.5,	201  5436,	197  5585,	196  5608.5,	186  5699.5,
261  6935,	246  7065.5,	250  7061.5,	255  6937.5,	244  7130.5,	237  7368,
290  7617.5,	228  7641,	206  7655,
238  6832,	237  6875,	232  7105.5,	253  6703,	249  6820.5,
250  8835,	251  8702.5,	247  8996,
334  8494,	324  8716,	332  8559,
361  8197,	352  8249,	500  8074.5,	431  8143.5,	392  8160,	349  8568.5,
315  7037.5,	314  7247.5,
585  8499,	374  8505.5,
348  7088,	337  7106,	381  6817.5,	355  6909.5,
620  13302.5,	591  13323,	207  13369.5,	223  13356.5,	232  13328.5,	655  13295.5,	229  13347,	202  13580,
275  18336,	271  18340,	264  18549,	263  18574.5,	262  18869,	293  18294.5,	287  18300.5,
287  17586.5,	289  17166,	259  17589,	245  17779.5,	236  18095.5,	247  17702,
222  14094.5,	216  14498.5,	208  14652.5,	209  14557,	203  14940,
214  11459.5,	208  11462.5,	194  11489.5,	183  11514.5,
828  14764,	297  14900.5,	296  15198.5,	290  15273.5,
320  16628,	335  16451.5,	342  16441,	313  16758,	323  16503,	310  16813,	302  17055,
256  12223.5,	259  12018.5,
830  16740.5,	356  16876,	328  16961,	325  17462,
304  15059.5,	943  14981,	326  15013,	318  15033.5,	301  15278,
497  19608.5,	483  20013.5,
472  16129.5,	463  16150.5,	460  16401.5,
426  16598.5,
471  15541.5,	444  16173,	463  15776,	461  15788,	450  16032,	449  16044,	451  16008.5,	452  15964,
781  18657,	504  18836.5,	525  18798.5,	488  19019.5,	480  19120.5,
259  22568,	260  22375.5,	254  22584.5,	242  22804,
189  17097,	199  16498,	194  16655,	192  16670,	188  17273.5,
232  23760.5,	261  23279.5,	739  23133,	239  23330,	238  23529.5,
254  23075,	249  23101.5,	239  23464.5,	265  22781,	257  22928,
250  21629.5,	230  21631,
367  29232,	408  28792.5,	376  28972,	378  28852,	374  29061.5,	390  28847.5,	364  29484,
324  20018.5,	318  20046.5,	316  20163.5,	315  20290,	306  20390,	305  20396,
340  25065.5,	344  24767,	348  24642.5,
1155  26747.5,	1133  26876.5,	1124  26969,	357  27072.5,
312  20393.5,	305  20908.5,	308  20553,	318  20320.5,
584  30920,	583  31105.5,	596  30796,	595  30900,	575  31113.5,	603  30404.5,
590  33527,	568  34227,	764  33492,	588  33830.5,	584  33831,	580  33837,	578  33985,
571  27747,	538  27768.5,	531  27814,	530  28298,
541  29924,	534  30167.5,	778  29622,	538  29992,	544  29758.5,	672  29750.5,
534  26192.5,	520  26269.5,	519  26299.5,	517  26721.5,
396  14749.5,	392  15227.5,	380  15361.5,	389  15247,	385  15282,	386  15255.5,	371  15545.5,
306  13167,	293  13328,	316  13051.5,	319  12926,	297  13300,
348  14318.5,	379  14142.5,	368  14161,	343  14751,	346  14700,	341  14774,	347  14681.5,	336  14838.5,
404  13412.5,	422  13287.5,	402  13429.5,	399  13504.5,	385  13783,
367  14608,	366  14640.5,	365  14658,	346  14832.5,	392  14538,
389  13435.5,	392  13263.5,	413  13249.5,	387  13647.5,
459  17340.5,	451  17462.5,	433  17990.5,	443  17781.5,
413  15120.5,
449  15558.5,	433  15578,	431  15699.5,	422  15930.5,	455  15519.5,
392  14424,	436  14003,	432  14188.5,
568  12376.5,	562  12530.5,	546  12551.5,
576  14417,	560  14981,	561  14602,
627  13326,	611  13675.5,	612  13522,	614  13404,
590  14484.5,	530  14800.5,	594  14347.5,	599  14339.5,	567  14519,
588  16442.5,	587  16679.5,	648  15933.5,	606  16001.5,	603  16336.5,
335  19460.5,	318  19758.5,	327  19569.5,	329  19532,	321  19655,	355  19039,	346  19387,	342  19439,	347  19297,
381  25210.5,	379  25858,	389  24896,	403  24859,	380  25679,
401  25147.5,	384  25210,	400  25197,	375  25215,	362  25321,	361  25329,
428  31997,	431  31764.5,	440  31436.5,	436  31584.5,	423  32005,
435  27521,	410  28792,	417  27689,
596  33511.5,	594  33515.5,	619  33406,	592  33796,	581  33869,	593  33702.5,
559  30108.5,	603  29952.5,
568  30009,	573  29868.5,	571  29901.5,	590  29858.5,
617  27486.5,	518  28182,	524  27533,	540  27527,
557  29204,	569  28829,	548  29430,	558  28936.5,
819  38533.5,	882  37576.5,	821  37944.5,
863  37514,	854  37545,	866  37138,
881  35926.5,	872  36525.5,
815  34931.5,	820  34920,	812  35269.5,	827  34577,	821  34752,
915  35451.5,	909  35725.5,	893  36510,	966  35429,	902  36028.5,
464  40663,	471  40654.5,	456  40863.5,	428  40979.5,
455  45803.5,	456  45346.5,	461  45268.5,
579  47750.5,	544  48030,	528  48856,	551  47901,	533  48385,	504  48910,	529  48724.5,
463  41733.5,	470  41532.5,	485  41511.5,	444  42007.5,	490  41502,	445  41747.5,	438  42128.5,	433  42133.5,
418  42782,	429  42292.5,	450  42079.5,	432  42218.5,	430  42220.5,
598  45136.5,	604  44310.5,	603  44487.5,	600  44599,	599  44638,
640  44779,	660  44339.5,	656  44634.5,
649  47093,	687  46651.5,	677  46943.5,
640  45304,	646  45177.5,	605  46150,	615  45795.5,	617  45566,	614  46030,
670  48030.5,	649  48496,	664  48318,	643  48644.5,	662  48353.5,	640  48668.5,
970  50384,
1027  56424,	1010  57176.5,	1024  56817,	1292  56379,	1014  56955,	1004  57271,
1027  54747.5,	1021  55006.5,	1085  54082.5,	1037  54144,	1036  54550,	1025  54987,	1341  53423.5,	1020  55569,
1068  57254,	1047  57840.5,	1064  57624,	1058  57630,	1057  57635,	1032  58209.5,	1046  58093,	1014  58456,
1091  59039.5,	1032  59141.5,	1031  59147.5,	1044  59055.5,	1039  59097,
557  23127,	506  23437,	514  23330,	497  23937.5,
470  21430,	472  21206.5,	486  21104.5,	451  21747,	456  21736.5,	496  21011.5,	478  21190.5,	482  21127.5,
432  19424,	466  18751.5,	463  18775.5,	461  18777.5,	449  19423,	460  18887,	450  18972.5,	514  18688.5,
426  19696,	438  19310,
434  19569,	435  19395,	432  19623,	427  19744,
562  20362,	564  20193,	563  20197,	565  20060,	582  19770,
590  22304,	588  22316,	587  22330,	599  22108.5,	679  21921.5,
618  23121,	629  22818,	608  23582,
578  22296,	608  21755,	595  22204,	601  21940,
577  21366,	595  20964,	579  21224,	576  21628,	591  21038,
825  24283.5,	818  24360.5,	817  24362.5,	804  24554.5,
872  22532.5,	862  22542.5,	923  22479.5,	885  22487.5,	935  22288.5,
901  20908.5,	871  21078.5,	858  21127.5,	873  21048.5,	849  21166.5,
698  21890.5,	737  21397.5,	730  21528.5,	711  21669.5,	713  21629.5,	709  21710,
788  20567.5,	786  20881,	779  21129,	785  20898.5,	782  21104,
710  50793,	713  50718.5,	754  50371,	730  50522,	709  51382.5,
639  43892,	608  44513.5,
582  44100.5,	585  43977,	586  43971,	593  43463.5,	588  43940.5,	581  44101,	578  44268.5,
586  41835.5,	600  41830.5,	576  42333.5,	562  42335.5,	555  42500.5,
557  40692,	542  41034.5,	550  40986,
820  47456.5,	812  48006.5,	826  47447,	813  47795,
832  48237.5,	835  48033,	827  48335.5,	817  48397,
851  50121,	842  51080,	847  51000,	840  51083,	844  51078,
794  43685,	767  44366.5,
798  47826,	783  47990,
1175  47383,	1158  47916.5,	1149  48109.5,	1164  47535,	1163  47546,	1161  47562,
1167  53950.5,	1161  54479.5,	1157  55564.5,
1233  53776,	1232  54675,
1207  51126.5,	1165  52050.5,	1174  51188,	1173  51216,
1372  58764,	1294  59059.5,	1280  59233.5,	1287  59127.5,
697  62202.5,	655  62315,	665  62302,	648  62372.5,	624  62391.5,
717  69235,	745  69227,	677  69368,
710  71339.5,	724  70668.5,	723  71203,	744  70331,	740  70438,	722  71260,
748  76926.5,	759  76707.5,	738  77215.5,	739  77125.5,
664  60721.5,	657  60993.5,	675  60068.5,
933  75833,	958  75199,	951  75765,
1062  87245,	1051  88090,	1038  88610.5,
916  70751.5,	911  70814,	905  70976,	904  71124,	899  71208,	902  71194,
913  73070.5,	932  72364.5,	915  72365,	940  72170,	955  72083.5,
882  69473,	880  69704,	877  70747.5,
1420  77800,	1414  77998,	1409  78631.5,	1446  77102,	1479  77089.5,	1424  77123,
1503  83391.5,	1495  83658.5,	1465  83756.5,	1449  84301.5,
1447  78388.5,	1459  78185,	1453  78242.5,	1461  77613.5,
1395  74838,	1368  74870,	1340  75390,	1346  74945,	1338  75495,	1415  74580,
1427  75623.5,	1416  75668.5,	1413  75758.5,	1396  75760.5,	1479  75582.5,