316  5915.5,	320  5635,	319  5770.5,	404  5384,	368  5415.5,	341  5431.5,	338  5536,	324  5573,	311  5933.5,
411  7312,	401  7419,	389  7531.5,	363  7635.5,	383  7553,	458  7260.5,	380  7600,	391  7474,	463  7248,	474  7246.5,	405  7349,	420  7276,	429  7271.5,
401  8352.5,	404  8321.5,	405  8276,	433  8272,	475  8023,	434  8089,	456  8074,	457  8062,
351  6319,	357  6207.5,	359  6197.5,	369  6178,	379  6155.5,	383  6085,	430  5958,	398  6059.5,	415  5972.5,	368  6194.5,	381  6147,	343  6447.5,	342  6453.5,	346  6425,	340  6565.5,	341  6554.5,
373  5830,	336  5862.5,	376  5778.5,	328  5965,	324  5989.5,	322  6134.5,	391  5748,	361  5834.5,	351  5852.5,	457  5746.5,	462  5737.5,	331  5940,
562  8259,	547  8325,	631  8000.5,	628  8032,	566  8186,	599  8062,	597  8105,	564  8190.5,	577  8158,	595  8121.5,
525  7380.5,	540  7174,	480  7681,	521  7428.5,	535  7368,	506  7430,
521  7755,	528  7279.5,	606  7234.5,	595  7255,	522  7523.5,
504  5654,	452  5701,	484  5655.5,	523  5615.5,	472  5672,
715  7980.5,	700  7984.5,	540  8393,	535  8407,	529  8411.5,	582  8048,	545  8189,	548  8154.5,	561  8136.5,
862  10202.5,	885  10185,	838  10217,	1095  10167,	963  10169,	834  10582.5,
796  8157,	846  8132.5,	783  8181,	755  8222.5,
780  8422,
788  7877.5,	760  7976,	778  7956,	767  7970.5,	728  8235,
778  8049.5,	799  8040,	733  8111.5,	776  8106.5,	801  7802.5,
450  14425,	451  14415.5,	453  14382,	459  14343.5,	440  14596,	430  14759.5,	449  14590,	468  14150.5,	432  14683,	463  14313,	444  14595,
405  13671.5,	421  13085.5,	424  13074,	410  13114.5,	406  13252.5,	407  13224.5,	426  13052,	432  12824,	444  12774,	435  12796.5,	429  12951.5,
499  17719.5,	495  17864.5,	497  17863,	506  17355,	521  17102,	547  16971,	530  17032.5,	500  17616,	513  17200,	504  17436.5,	511  17288.5,	618  16961.5,	535  16982,	529  17059.5,
482  14085,	488  14004,	470  14182.5,	462  14250.5,	440  14692.5,	441  14548.5,	449  14342.5,	501  13998,	509  13961,	458  14257,	456  14317,	432  14700.5,	446  14350.5,
416  14303.5,	419  13965,	440  13580,	436  13668,	450  13573,	452  13549.5,	433  13705.5,	421  13711.5,	437  13622.5,	462  13441.5,
696  16293,	686  16294,	700  16243,	704  16241.5,	697  16258,	648  16541,	655  16480,	660  16378,	659  16420,	644  17033.5,	724  16175,	727  16169,	663  16323.5,
690  16294.5,	708  16211.5,	682  16500,	672  16537.5,	657  16623.5,
602  14787,	618  14687,	623  14478.5,	634  14366,
716  14810,	650  14909.5,	686  14823.5,	633  15044.5,
683  16806,	766  16546.5,	827  16516,	849  16434,	706  16560,	693  16601,	666  16900.5,	679  16886,	682  16814.5,	686  16641,
1055  19316,	1012  19403.5,	1003  19934.5,	977  19946,
1015  18759.5,	1117  18480,	1043  18541,	989  18823.5,
973  16808,	972  16873,	958  16968,	953  17082.5,
1032  16690.5,	970  17238.5,	978  17043.5,	980  16835.5,	996  16833.5,	998  16800,	1028  16778.5,
892  13546,	880  13991,	888  13759,	878  14120.5,	863  14157.5,
495  21698,	490  21728.5,	463  22098.5,	486  21924,	467  21978.5,	468  21964.5,
482  21049.5,	487  21027,	494  20999.5,	512  20927.5,	509  20972,	518  20858,	502  20982.5,	466  21310,	468  21119.5,	451  21407,	455  21354,
471  21322.5,	507  20936.5,	489  20977,	488  20993,	473  21308,	486  21258,	466  21377.5,	465  21526,	477  21292.5,	463  21536.5,	487  21055.5,
565  26296,	569  26285,	543  26658.5,	544  26348.5,	550  26330.5,	571  26214,
525  24314.5,	526  24312,	558  24016.5,	527  24283,	509  24315,	547  24041.5,	540  24113,	573  23989.5,	533  24279,	535  24195.5,
657  19170,	717  19121.5,	714  19166.5,	649  19193,	640  19305.5,	621  19815,	624  19814.5,	627  19577,
721  26260,	722  25764,	727  25581,	785  25556.5,	891  25483,	899  25469,	900  25447,	808  25507.5,	765  25565.5,
735  24483.5,	744  24371,	781  24236.5,	764  24283.5,	716  25111.5,	719  24794,	739  24476.5,	727  24730.5,
767  27019,	758  27095,	748  27494.5,	788  26879,	781  26894,	828  26713,	777  26918,
724  25206.5,	742  25004,	745  24931,	746  24874,	825  24839.5,	723  25668,
1135  31123.5,	1136  30871.5,	1138  30560,	1164  30330,
1128  24847.5,	1060  24881.5,
999  23306,	1058  23063.5,
1097  22907,	1016  23191.5,	1036  23082.5,	1019  23124.5,	1047  22931,
1019  20998,	1003  21049,	987  21442.5,	997  21425,	976  21479,	1001  21406,	970  21611,
701  12985.5,	715  12979.5,	732  12801.5,	716  12918.5,	719  12914,	871  12745.5,	698  13527.5,	682  13640,	690  13578,	814  12759.5,	783  12760.5,	766  12798.5,	782  12793.5,
811  14248.5,	802  14339.5,	817  14218.5,	818  14203,	823  14190.5,	803  14277,	824  14170.5,	826  14110,	881  13988,	856  14085.5,	839  14093,	878  14073,	760  14385,	765  14362.5,	748  14629.5,
840  16551.5,	966  15973.5,	879  16094.5,	871  16111.5,	890  16081.5,	883  16087,	841  16495,	834  16758,	845  16345,	854  16298,	855  16268,	858  16161.5,
913  13147.5,	923  13122.5,	857  13155.5,	755  13417.5,	826  13173.5,	762  13249.5,	752  13454,	728  13520.5,	746  13485.5,	757  13321.5,
812  15036.5,	826  14896,	774  15495.5,	850  14514,	832  14551,	829  14766.5,	775  15100.5,	806  15081,	814  14951,
1123  14838,	1115  14849.5,	1156  14764,	1146  14794.5,	1086  15121,	1069  15156.5,	1109  14997.5,	1122  14842.5,	1114  14925.5,	1149  14764.5,	1105  15025,	1179  14675,	1192  14629,
1073  14652,	1122  14496.5,	1255  14494,	1256  14483.5,
1226  18711.5,	1242  18187.5,	1259  18150.5,	1264  18130.5,	1281  17904,	1434  17766.5,	1372  17802,	1277  18098.5,
1171  16859.5,	1342  16568,	1286  16627,	1262  16645.5,	1190  16693,	1189  16710.5,	1188  16722.5,
1149  15104.5,	1183  14901.5,	1184  14896.5,	1209  14837.5,	1159  14957,	1126  15150,	1121  15265,	1124  15257,	1068  15460.5,	1111  15415,	1114  15327,	1156  15036,
1674  15830,	1628  15871,
1578  15723.5,
1610  15730.5,	1599  15787,	1652  15177.5,	1670  15152.5,	1673  15109.5,	1611  15603,	1635  15371.5,
1785  15264,	1725  15283.5,	1657  15343,	1595  15441,
1555  16000,	1629  15695,
913  30735.5,	912  30966.5,	972  30050.5,	940  30114,	1005  30017,	919  30707,	923  30184,
1037  28971,	900  29475,	906  29467,	916  29089,	919  29060,	1043  28920.5,	981  29015,	963  29039,	913  29299.5,
770  24353.5,	768  24386,	773  24337.5,	774  24285.5,	800  23541.5,	785  23657,	779  24085.5,
851  27636.5,	841  27638.5,	866  26704,	861  26854,	858  27213.5,	854  27357.5,	852  27446.5,	835  28024,	838  27908,	855  27267.5,	856  27222.5,
897  28640,	988  28047.5,	935  28125.5,	983  28097,	926  28136,	1055  27978.5,	890  28835,	911  28206,	899  28424,	885  28861,	891  28648.5,	903  28377,	909  28306.5,	905  28312,
1325  29285.5,	1376  29270,	1312  29603.5,	1313  29552.5,	1315  29482.5,	1255  29657.5,
1431  35460.5,	1432  35460,	1424  35966,	1410  35995.5,	1438  35109,	1439  35018.5,
1408  31979,	1346  32038,	1392  32014.5,	1340  32346,	1344  32264,	1467  31867,
1428  31819,	1342  31819.5,
1392  32198,	1292  32641.5,	1299  32591,	1302  32539.5,	1372  32535,
2054  33238,	2116  33060.5,	2045  33490,	1970  33504.5,	1951  33650,
1997  32027,	1992  32268,	1922  32810.5,	1943  32523,	1949  32473.5,	2112  31980,
1932  33969.5,
2029  35856.5,	2110  35622.5,	2035  35661.5,
2097  38194.5,	2084  38228,
899  40963,	902  40846,	901  40903,	911  40531,	922  40329.5,	914  40485.5,	918  40421.5,	903  40548,	935  39894.5,	889  41359.5,	895  41030,
1085  46900,	1039  46967.5,	1016  47262.5,	1006  47278,	1083  46919,	1033  46977,	1174  46809.5,	1200  46761.5,	1022  47073.5,	1003  47415,	1021  47199.5,	999  47751,
966  44305.5,	980  44123.5,	985  44080,	991  43835,	943  44372.5,	974  44242.5,	1056  43761.5,	1086  43568,	1078  43573,	1047  43777,
1029  48056,	1079  48011.5,	1146  47927,	1065  48030.5,	1008  48706.5,	1026  48645.5,
950  44914.5,	954  44879.5,	948  45081.5,	966  44465,	963  44717.5,	995  44242,	984  44333.5,	964  44548.5,	969  44451.5,	1001  44155.5,	1004  44039.5,	990  44242.5,
1525  50516,	1597  50364,	1460  50722,	1512  50668,
1587  47774.5,	1554  47888.5,	1431  48325.5,	1413  48522,	1440  48137.5,	1471  47925,
1382  43578.5,	1405  43208.5,
1484  43097,	1477  43227,	1355  43263,	1377  43252.5,	1332  43644,
1414  46361,	1385  46792,	1396  46774,	1409  46763,
2281  61166,	2311  60796,
2356  63513,	2363  63263,	2365  63080.5,	2358  63397.5,	2278  64134.5,	2316  64125.5,	2329  63570,	2404  62963.5,	2524  62908.5,
2217  56310,	2259  56230,	2293  56061.5,
2268  59292,	2271  59234,	2284  58836,	2262  59351,
2280  59316,	2369  58613.5,	2374  58460,	2351  58757.5,	2292  58792.5,	2283  59046.5,	2466  58397.5,	2284  58916.5,	2278  59359,	2255  59562.5,
1426  19246.5,	1441  19209,	1061  20018,	1099  19574,	1113  19534.5,	1102  19555,	1115  19440,	1119  19315,	1117  19349.5,	1140  19257.5,	1070  19596.5,
1178  22154.5,	1187  22135,	1213  22070,	1214  22050.5,	1253  21848,	1290  21753,	1308  21730,	1339  21702.5,	1469  21700.5,	1270  21805.5,	1271  21780.5,	1229  21913.5,	1219  21960.5,
1083  19667,	1102  19329,	1088  19460.5,	1121  19131.5,	1095  19341,	1090  19425,	1181  19003.5,	1124  19023,
1215  20245.5,	1244  20180.5,	1237  20200,	1233  20208.5,	1238  20194,	1198  20301,	1153  20332,	1117  20472.5,	1135  20421.5,	1194  20327.5,	1309  20173.5,
1224  19474.5,	1156  19505.5,	1133  19717,	1150  19668.5,	1128  19810.5,	1120  19844,	1242  19348.5,	1292  19331,	1084  20170,	1229  19418,	1198  19476,	1106  19939,	1119  19926,	1098  20062.5,	1132  19765.5,
1676  22388.5,	1648  22446,	1700  22197.5,	1982  21881,	1801  21889,	1709  21953,	1770  21911.5,	1633  22457,	1625  22517,
1936  25059.5,	1881  25064,	1869  25120,	1858  25161,	1794  25213,	1740  25560,	1762  25480.5,	1789  25474,	1829  25171,	1867  25137.5,	1827  25209.5,
1676  22851,	1674  22939.5,	1755  22492,	1759  22477,	1771  22461.5,	1777  22276.5,	1703  22532.5,	1683  22641.5,
1649  21722.5,	1641  21811,	1651  21618,	1697  21285.5,	1692  21557,	1973  21277.5,
1729  23214.5,	1723  23311.5,	1689  23396,	1698  23393.5,	1672  23698,	1867  23063,	1799  23080,	1825  23075.5,	1796  23121.5,	1874  23042.5,
2699  22606,	2439  22699,	2404  22754,
2727  26402.5,	2481  26745,	2454  26813.5,	2559  26506.5,
2698  25407.5,	2641  25541,	2580  25694.5,	2644  25499.5,	2568  25751.5,	2619  25604,	2646  25490.5,	2668  25471.5,	2647  25485,	2596  25666.5,	2618  25619,
2500  23559,	2504  23515,	2498  23662,	2419  23891.5,	2552  23356,	2583  23264,	2508  23449,	2514  23394.5,	2705  23229,	2478  23796.5,	2469  23797.5,
2607  21320,	2452  21618,	2389  21680.5,	2354  21730,	2315  21772,
1614  48542,	1576  48553.5,	1489  48683,	1483  48831.5,	1469  49226,	1499  48619.5,	1467  49264,	1475  48943.5,	1436  49388.5,	1470  48982,
1470  49522.5,	1488  49395,	1483  49412,	1492  49323.5,	1498  49310,	2082  48657,	1602  48703,	1561  48816.5,	1503  49190.5,	1502  49197.5,	1519  49136.5,	1589  48764.5,	1586  48778.5,	1535  48928.5,	1524  48994,	1460  49817,
1391  46113,	1411  45542.5,	1430  45514.5,	1433  45453,	1435  45291,	1490  45272,	1454  45286,	1406  45832,	1409  45812.5,
1420  48565.5,	1423  48562,	1428  48399.5,	1442  48246.5,	1444  48205.5,	1447  48190.5,	1451  48033.5,	1460  47785.5,	1455  47992,	1538  47398.5,	1530  47578.5,	1473  47710,	1483  47660.5,	1494  47653.5,	1498  47612.5,
1382  46149.5,	1502  45076.5,	1427  45298,	1409  45527,	1408  46006,	1399  46097,	1484  45092,	1465  45160,
2065  47277.5,	2015  47665.5,	2032  47372,	2030  47392.5,	2002  47812.5,	2010  47697.5,	2024  47440.5,	2020  47570.5,	2091  47128.5,
2019  47923,	2197  47143.5,	2150  47148.5,	2054  47159,	2023  47589.5,	2022  47869,
2041  47158,	2026  47178,	2020  47595,	1991  48631,	2006  47850,
2131  47546.5,	2142  47257,	2098  47621,	1991  47801.5,	1990  47816.5,	2040  47742,	2048  47719,	2093  47642.5,	2054  47701,
2351  51136.5,	2288  51255.5,	2153  52005,	2083  52755,	2096  52268,	2095  52417,	2106  52064.5,	2156  51519.5,	2233  51467,
3100  54228.5,	3139  52942,	3103  53864.5,	3108  53288.5,
3206  59212.5,	3249  59190,	3315  58920.5,	3301  59141.5,
3096  53289.5,	3020  53430.5,	3019  53461.5,	3024  53355,
3059  51341.5,	3101  51326.5,	3051  52030,	3048  52044,
3058  53114,	3161  52805,	3101  53079.5,	3054  53822,	3135  52849,
1280  58782.5,	1300  58245.5,	1308  57618,	1327  57397,	1336  57280,	1340  57278.5,	1344  57153.5,	1382  57066,	1418  56946,	1296  58281.5,	1325  57549,	1324  57591.5,	1303  58237,
1406  62428.5,	1378  63190,	1384  63167,	1608  62280,	1376  63355.5,	1398  62594.5,	1394  62701,	1385  62897,	1389  62867.5,	1500  62427.5,	1377  63312,	1560  62316,	1522  62337,
1458  68440,	1471  68380.5,	1484  67977.5,	1481  67998,	1479  68226.5,	1615  67424,	1609  67482,	1519  67670.5,	1515  67780,	1517  67738.5,	1503  67927.5,	1456  68526.5,	1448  68929,	1453  68705,
1427  65770,	1463  65250,	1584  64902,	1622  64878.5,	1450  65541.5,	1454  65329,	1456  65252,	1432  65717,	1575  64949,	1412  65790,	1494  65214,	1501  65197.5,	1510  65130,
1386  64716,	1411  64092.5,	1402  64148,	1400  64595,	1434  64003.5,
2332  87467.5,	2345  86698,	2334  86713.5,	2399  86228,	2409  86202,	2446  86161.5,	2510  85938.5,	2459  86107,	2361  86568.5,
2283  80897.5,	2244  81439,	2271  81197,	2341  80198.5,	2304  80476.5,	2293  80582.5,	2329  80389.5,	2337  80299,	2353  80168.5,	2264  81202,	2278  81046.5,
2219  78691,	2278  77566,	2231  77820,	2225  78679,	2217  78776.5,	2204  79245.5,	2229  78563.5,	2227  78582.5,
2316  79611.5,	2286  79811.5,	2291  79770,	2277  79921,	2355  79580,	2344  79586,	2373  79426,	2268  79991,	2311  79664.5,	2212  80161.5,	2232  80144,	2262  80140,	2293  79718.5,
2186  72665,	2152  72788.5,	2253  72632.5,	2142  73235,	2143  73085.5,	2148  73070.5,	2340  72391.5,	2368  72331,	2267  72441.5,
3534  87187.5,	3552  87162.5,	3544  87166.5,	3504  87229.5,	3440  87357.5,	3398  87540.5,	3454  87275,	3455  87266,
3404  81366,	3330  81443.5,	3268  81584,
3376  85379.5,	3454  83787.5,	3429  84474,	3390  84914,	3382  85227.5,
3615  89695,	3509  89965,	3443  90721,	3473  90189.5,	3448  90382,	3541  89852,
3438  83712.5,	3577  83657,	3352  84684,	3365  84587,	3390  84247,	3426  84109,
260  7412.5,	320  7204,	318  7222,	355  7143.5,	326  7159.5,	278  7392,	280  7313,	299  7223,	287  7236.5,
269  7117.5,	255  7421,	349  6891,	373  6886.5,	280  7029,	380  6886,	339  6898.5,	262  7136.5,	274  7045,	277  7042.5,	332  6927,	307  6931,	289  6965,	292  6956.5,	293  6938,	256  7171.5,	253  7497.5,
261  7185,	249  7554,	250  7540,	327  6990.5,	277  7013.5,	364  6903.5,	315  7008.5,	316  6999,	308  7009,	344  6967.5,	267  7079.5,	260  7442,
294  7770,	305  7705.5,	287  7847,	343  7615.5,	268  8288.5,	270  8208,	272  8034.5,	274  7927,	297  7758.5,
252  6059,	308  6023,	288  6036.5,	322  6021,	274  6058,	232  6223,	240  6219,
437  7234.5,	374  7480,	352  7487.5,	379  7476.5,	384  7242.5,
520  6568,	351  6757.5,	350  6767,	399  6592,	364  6601,	335  6781,
502  6691.5,	487  6709.5,	344  6906.5,	397  6757.5,	385  6782.5,	433  6714.5,	364  6828.5,	355  6901,
371  7250,	406  7214.5,	487  7160.5,	587  6998,	441  7181,	353  7537.5,	358  7514.5,
388  7300.5,	378  7473.5,	363  7497.5,	359  7548,
576  8232,	544  8317,	580  8185.5,	707  8136,
543  8302,	1103  8186.5,	549  8229.5,	696  8218,
703  9340,	567  9592.5,	600  9481,
522  7711.5,	823  7635.5,	743  7646,	597  7694.5,	609  7693.5,
654  7822,	659  7818,	609  7834.5,	581  7838,	578  7869,	535  7881,	664  7696,
299  12601.5,	331  12480,	319  12520,	281  12702,	265  12850.5,	301  12548,	294  12609.5,	290  12644.5,	278  12763,
294  13793,	300  13524.5,	361  13360,	317  13507,	333  13403.5,	362  13330,	293  14234.5,
250  11793,	327  11321.5,	330  11232.5,	350  11207,	362  11175.5,	265  11476.5,	264  11480.5,	262  11748.5,	248  11965.5,	294  11332.5,	263  11534,	270  11351,
314  14710,	344  14509,	340  14527.5,	337  14583,	324  14605,	319  14611.5,	413  14388.5,	396  14427.5,	356  14466,	365  14453,	331  14593.5,	307  14857.5,
289  13468.5,	283  14046,	288  13926,	307  13380,	342  13297.5,	311  13362.5,	375  13230,	388  13200,
571  14535,	641  14388,	468  14607.5,	465  14698,	433  14811,	430  14826.5,	581  14486.5,	426  14890.5,	500  14537,	470  14606,	463  14742.5,	454  14753,	451  14797.5,
468  16890.5,	500  16861,	467  17641.5,	505  16819,
463  16763,	648  16308.5,	535  16342,	484  16494.5,	515  16371,
410  12986.5,	419  12864.5,	511  12678,	432  12859,	402  13265.5,	403  13139,	405  13062,	502  12731,	459  12824,	464  12811,
467  16268.5,	593  15786,	525  15825,	506  15826.5,	478  16079,	468  16117,	494  15872,	446  16400.5,	483  15902,	477  16093,	455  16304,
686  18277,	846  18259.5,
631  14637.5,	625  14877,	611  15068,	741  14253.5,	877  14238,	654  14322.5,
756  18466.5,	904  18358.5,	705  18767.5,	748  18752,	751  18653.5,
681  17435,	747  17042,	695  17352,	799  16957.5,	698  17058,	676  17664.5,
723  18254.5,	708  18727,	721  18706.5,	820  18181.5,
340  20212.5,	304  20864,	313  20453,	318  20385.5,	324  20229,	317  20430,	320  20323.5,	339  20225,	341  20040.5,	385  19970,	366  20018,	412  19961.5,	310  20622,
295  19783.5,	313  19475,	308  19719.5,	322  19272,	400  19238.5,	392  19253,	365  19268,	316  19411,	311  19501.5,
303  19344,	304  19317.5,	310  19035.5,	357  18934.5,
326  22923,	416  21765.5,	335  22417,	423  21678.5,	405  21778.5,	351  21870,	345  21946,	338  22159,	331  22626,
323  22094,	320  22307.5,	333  21789,	369  21395.5,	337  21734.5,	329  21955.5,	339  21397,	377  21335,
548  22865,	542  22911,	554  22854,	516  22964.5,	474  23088.5,
488  22918,	504  22855,	472  22962,	525  22695.5,	506  22833,	516  22737.5,	643  22605,	626  22659.5,	494  22879,	574  22675.5,
456  21515,	558  21499,	561  21334.5,	648  21307.5,
619  27815.5,	519  28561,	529  28447,	561  27888,	535  28413,	666  27808.5,	694  27795.5,	536  27938,	546  27934,	615  27844.5,	574  27863.5,
508  23407,	548  23289.5,	540  23302,	574  23195,	649  23194,	716  23067,	666  23133.5,	477  23546,
723  25679.5,	1027  24899.5,	746  25157.5,	763  25084.5,	890  24961,	787  25078,	735  25177.5,	846  25057,
733  29185,	788  28753.5,	872  28551.5,	738  28930,
870  32771,	876  32708.5,	865  32865,	821  33260,	1112  32606,	808  33743.5,	819  33399.5,	863  32963.5,	835  32986.5,
816  30132.5,	829  29987,	764  30986.5,	778  30719.5,	787  30573.5,
737  25356.5,	798  24977.5,	723  25730.5,	990  24930,	874  24963,	764  25355,	734  25534,
522  13788,	508  13884.5,	504  13912,	538  13562,	534  13600.5,	531  13679.5,	564  13484,	639  13201,	626  13204,	541  13509.5,	546  13493.5,	565  13461.5,	579  13445,	573  13453,	583  13419.5,	648  13179,	591  13258.5,	520  13789,	517  13822,	525  13703,	529  13684.5,	532  13650.5,
736  13765,	697  13766,	516  13908.5,	521  13903,	524  13870.5,	506  14227.5,	501  14610,	504  14265.5,	513  14188.5,	566  13839,	545  13839.5,	573  13800,	579  13779,	593  13777.5,
517  12783.5,	518  12782,	533  12697,	529  12729,	544  12480.5,	602  12463,	523  12741.5,	522  12754,	495  12837.5,	489  13235,
551  12904,	556  12838.5,	583  12825.5,	492  13308.5,	491  13531.5,	494  12925,	498  12911,	493  13264.5,
475  12140,	583  12010.5,	557  12011,	547  12034,	544  12056,	518  12101,	530  12097,	524  12099,	531  12084,	455  12166.5,
772  15427,	782  15391,	827  15296,	838  15236.5,	851  15223,	804  15372,	809  15327.5,	748  15527,	768  15474.5,	733  15566.5,
742  15626.5,	992  15156,	746  15431.5,	749  15392.5,	769  15274.5,	770  15222.5,	811  15190.5,
899  17532,	827  17558.5,	799  17805,	806  17763.5,	826  17760.5,	1054  17487,	971  17501,
710  13677.5,	704  13720.5,	765  13478.5,	789  13438,	763  13490.5,	729  13514,	750  13496,	723  13538.5,	719  13562.5,
767  14690,	732  15123.5,	734  14690.5,	810  14590,	795  14635,
1169  16789.5,	1331  16666.5,	1152  17149.5,	1215  16709.5,	1153  16958.5,	1167  16825.5,	1127  17436.5,
1068  14776.5,	1069  14632.5,	1072  14557,
1109  15989,	1125  15899,	1174  15739,	1197  15642,	1136  15817.5,
1114  16073,	1415  15717,	1335  15793,	1120  15993,	1138  15809.5,
1151  17683.5,	1150  17751.5,	1207  17650,	1139  18344.5,	1147  18205.5,
596  28704.5,	600  28434.5,	623  27962.5,	690  27938,	728  27905.5,	605  28128,
627  29261.5,	631  29171,	636  29132.5,	650  28782.5,	645  28833.5,	674  28744,	608  29959,	641  29098.5,	625  29387,	620  29550,	622  29446.5,	632  29168,	611  29719,	616  29609,	610  29900.5,
706  33233.5,	685  33243.5,	681  33365.5,	668  33446.5,	666  34217.5,	703  33239,	712  33158.5,	717  33078.5,	711  33163,	747  32894.5,	751  32874,	729  32909,
589  27877.5,	606  27606.5,	593  27708,	585  28273,	584  28658.5,	596  27646.5,	590  27724,	595  27648.5,	594  27685.5,	598  27616.5,	655  27222.5,	658  27202.5,	620  27357.5,	628  27355.5,	612  27576,
659  31171,	645  31336,	634  31539,	700  30836,	733  30817,	641  31523.5,	630  32149.5,	663  30846,	657  31226.5,	653  31296,	644  31436,	658  31183,
951  30588.5,	952  30520.5,	1007  30371,	940  30617,	914  30734,	917  30729.5,	958  30371.5,	1088  30362,	930  30628,	923  30657.5,	887  30854.5,
907  32717,	1014  31375,	1040  31318,	914  31405,	938  31400.5,
1041  31020,	1053  30910,	1023  31024,	1270  30893,	962  31136,	971  31079.5,	979  31064.5,	884  31946.5,	943  31187.5,	913  31199,	898  31245,
883  30860.5,	972  30434,	946  30708,	952  30648.5,	945  30719,	913  30746,
985  36112.5,	998  35913.5,	989  36048,	974  36794,	973  36799,	986  36049,	1031  35841.5,	984  36508.5,	1005  35867,	1128  35684.5,
1633  38231,	1642  38210.5,	1625  38239.5,	1425  38676.5,	1427  38598,	1432  38341.5,	1568  38257,	1463  38295.5,
1455  37708,	1452  38232.5,	1412  38595,	1430  38257.5,	1563  37684,	1590  37589,	1683  37541,
1420  37643,	1443  37396,	1439  37490,	1444  37315.5,	1478  36291,	1477  36424.5,	1458  37119.5,	1429  37511,	1417  37654.5,
1424  39789.5,	1451  39347.5,	1516  39327,	1531  39267,	1434  39452.5,	1677  38919.5,	1555  38927,
1640  34308,	1435  34352.5,	1388  34411,	1347  34584,
714  47083.5,	773  46997.5,	697  47573.5,	679  47984,	699  47270,	706  47234.5,	683  47792.5,
628  43987,	640  42744,	697  42660,	704  42585,	629  43744,	726  42572,	632  43581,	634  43106.5,	663  42695.5,	677  42672,
658  46358.5,	656  47542,	757  45791.5,	721  45821,	680  46244,	679  46292,	689  45987,	688  46165,	736  45813.5,	686  46223,	678  46345.5,
693  43008.5,	741  42727,	649  43513.5,	641  43666,	660  43195.5,	664  43076.5,	654  43205.5,	666  43071,	638  43785.5,	625  44078.5,
676  48169.5,	690  47553,	738  47003,	698  47020,	683  47775.5,	680  47803,
1076  52793,	1098  52676.5,	1120  52619.5,	1108  52625.5,	1073  52806.5,	1049  53015,	1014  53290.5,	1026  53124,	1010  53691,	1054  52891,	1037  53044.5,	1051  52974.5,	1039  53033,
981  49665,	979  49769,	989  49326,	997  49122.5,	1040  48955.5,	994  49270,	978  49900.5,	1139  48927.5,	1021  49085,	971  50247,	1103  48936.5,
935  45880,	970  45337.5,	977  45284.5,	942  45543.5,	933  46595,
1011  51583.5,	1045  51325.5,	997  51946.5,	1032  51431.5,
1034  52980.5,	1031  53025.5,	1096  52975.5,	1098  52871,	1014  53382,
1487  54838,	1644  54288,	1583  54721,	1598  54701.5,
1455  51511.5,	1695  50136.5,	1694  50148,	1589  50274.5,	1555  50415.5,	1497  50528,	1527  50512.5,	1464  50886,	1462  50969.5,	1485  50780,	1458  51242.5,
1521  57591,	1538  56981,	1561  56964.5,	1605  56947,	1503  57749.5,
1669  64453,	1586  65184,	1673  64351,	1769  64321,	1658  64804,	1645  64849,	1603  64917.5,
1559  59437.5,	1557  59781.5,	1603  59231,	1590  59349.5,	1656  59212.5,	1527  59795,
763  21601,	802  21275.5,	827  21112.5,	809  21168.5,	790  21468.5,	801  21349,	958  21109,
800  19574,	788  19590,	856  19512.5,	885  19506.5,	917  19486.5,	774  19835,	741  19864,
815  22271,	822  22245.5,	790  22366.5,	796  22360,	803  22351.5,	788  22496,	786  22522,	840  21915,	842  21826.5,	881  21726.5,	847  21750,	833  21927,	828  21945,	826  21987.5,
852  21994,	804  22737.5,	841  22106.5,	845  22035,	842  22083.5,	881  21975,	878  21987.5,	908  21928.5,	803  22981.5,	809  22517.5,	814  22359.5,	834  22181.5,	831  22190,	851  22007.5,
880  21811,	844  21913.5,	815  22064,	784  22301.5,	933  21781.5,	828  22000,	813  22284.5,	875  21883.5,	805  22298,
1228  26154,	1234  26141.5,	1236  25975,	1242  25914,	1239  25973,	1304  25502,	1216  26340.5,	1266  25907,	1272  25777.5,
1084  21094.5,	1218  21013,	1243  20957.5,
1205  23598.5,	1154  23828.5,	1191  23665,	1300  23484,	1262  23523.5,	1162  23762.5,
1190  22470,	1136  23074.5,	1152  23067.5,	1166  22914,
1319  24589.5,	1364  24554.5,	1356  24570,	1260  24657.5,	1256  24676,	1180  25343,	1240  24843.5,	1185  25062,	1216  25055.5,
1702  24796,	1713  24648.5,
1760  24403,	1748  24589,	1746  24670.5,	1720  25022.5,	1837  24374,
1634  21762.5,	1621  22425,	1652  21493,	1704  21413.5,
1680  25058.5,	1731  24982,	1755  24677.5,	1759  24560.5,
1716  24818,	1759  24721.5,
902  42414.5,	986  42236,	895  42981,	922  42301,	952  42277.5,	901  42607,
986  47886,	985  47965.5,	977  48016,	1003  47568,	1099  47553.5,	1002  47742,	1044  47559.5,	992  47795,	965  48427.5,
947  42964,	1026  42914,	973  42954,	938  43236,	883  43679,	924  43254.5,	904  43537.5,	923  43536.5,
940  43776.5,	918  44045,	922  43913,	935  43879,	949  43599,	1054  43518.5,	907  44437,	964  43541,
935  41258,	972  41243.5,	924  41321,	1000  41116,	1040  41115,	893  41410.5,	906  41357.5,	892  41505.5,	973  41153,	877  41824.5,	1148  41089.5,	1123  41109.5,	1143  41092,
1391  50429,	1375  51402,	1388  51377.5,	1536  49962.5,	1538  49903.5,	1514  50028.5,	1435  50070,	1456  50035,
1390  45908.5,	1357  46151,	1350  47223.5,	1354  46982,
1383  46987,	1381  46995,	1369  47520.5,	1362  47706.5,	1365  47569,	1359  48114,
1340  44682,	1528  44234,	1386  44277.5,	1397  44271.5,	1319  44768.5,	1333  44705,	1365  44512.5,	1316  44818,	1326  44738.5,
1356  47621,	1377  47313.5,	1375  47333,	1401  47309,	1373  47390.5,	1386  47310.5,	1420  46935.5,	1408  47168.5,	1344  47737,
2174  49284,	2252  49235,	2162  49386.5,	1972  49639.5,	2002  49432.5,	1957  49692.5,
2084  52423.5,	2122  52265,	2174  52202,	2063  52681.5,
2181  55268,	2123  55618.5,	2176  55600.5,
2113  50803,	2081  50836.5,	2035  51082.5,	2017  51325.5,	2312  50642.5,	2141  50659.5,	2049  51007,
2108  55922.5,	2101  56618.5,	2139  55297,	2133  55774,
1005  66766,	994  66781,	1097  66082.5,	1031  66171.5,	1019  66177,	993  67150,
1186  73721.5,	1090  74048,	1072  74068.5,	1070  74111.5,	1114  73980.5,	1170  73939,	1060  74685.5,	1056  74870,	1180  73887.5,
1033  62263,	958  62349,	989  62328,	928  63687,	934  63441.5,	944  62898.5,	933  63471.5,	935  62948,	1060  62181.5,
928  61492.5,	917  61930.5,	910  62341,	911  62234.5,	918  61906,	920  61874.5,	921  61532.5,	1047  60552,	1051  60474.5,	947  60597.5,	973  60572,	1001  60568,	1022  60565.5,	1049  60519.5,	930  61195.5,
965  68266.5,	1004  67517.5,	1013  67435.5,	999  67539.5,	1016  67190,	1058  67041.5,	1050  67179.5,	979  67903.5,	1010  67459.5,
1454  75098,	1451  75202.5,	1462  74602,	1491  74550.5,	1492  74450,
1439  69905,	1467  69552.5,	1482  69386.5,	1455  69892.5,	1462  69883,	1413  70186.5,
1468  73921,	1462  74136.5,	1491  73347.5,	1458  75152.5,	1775  73296,	1488  73882.5,
1538  75284.5,	1558  75237.5,	1467  75939.5,	1452  76032.5,	1493  75352.5,	1491  75362,	1521  75316,	1649  75163,
1426  71213.5,	1576  70555.5,	1528  70585,	1550  70558.5,	1442  71038.5,	1523  70591.5,	1494  70910,	1491  70916.5,	1512  70629.5,	1496  70793.5,	1458  70927.5,
2206  81189.5,	2278  81125.5,	2386  81015.5,
2187  79428.5,	2219  78446,	2317  78218,	2289  78436,	2206  78814,
2247  83131.5,	2286  83116,	2287  82673,
2227  84057.5,	2359  83486.5,	2388  83421.5,	2350  83521.5,	2288  83619.5,	2259  84008,
2283  75033.5,	2120  75317.5,	2329  74552.5,	2177  75189,	2138  75230.5,
292  8004,	248  8057.5,	257  8009.5,	209  8448.5,	237  8071.5,	217  8429.5,	299  7955.5,	311  7936,	231  8111,	220  8250.5,	218  8383.5,
248  6900.5,	218  6910,	214  6957.5,	192  7189,	194  7173.5,	197  7020.5,	204  6972.5,	273  6850,	228  6907.5,
211  7555,	210  7588,	202  7853,	204  7815.5,	206  7673,	215  7459.5,	207  7592.5,	222  7358.5,	233  7346,	218  7437.5,	279  7313.5,	292  7312.5,	319  7265.5,	293  7299,	276  7315,	259  7316,	235  7337,	253  7336.5,	214  7510,	313  7298,	221  7374,
214  7195.5,	201  7273.5,	199  7286,	196  7414.5,	202  7255.5,	245  6969,	250  6941,	241  7024.5,	240  7038.5,	236  7059.5,	265  6888.5,	216  7064,	207  7239,	205  7253.5,
160  5593.5,	159  5635,	161  5475.5,	166  5390.5,	211  5255,	236  5215,	175  5281.5,	233  5236,	156  5643.5,	214  5245.5,	169  5291.5,	203  5281,	164  5442.5,	165  5395.5,
255  5765.5,	252  5987.5,	267  5696.5,	260  5745.5,	314  5607,	263  5713,	330  5606.5,	254  5770.5,	266  5706,	288  5632,	275  5652,	341  5585.5,
384  7207.5,	390  7197,	395  7163.5,	299  7244,	360  7216.5,	293  7296,	328  7240,	282  7588.5,
332  7776,	324  7857,	301  7949,	369  7713.5,	291  8004,	303  7926.5,	279  8080,	280  8041,
299  7073,	329  6953,	344  6950.5,	411  6932.5,	289  7101.5,	300  7035,	294  7074,	308  6975.5,	259  7259.5,	278  7195,
323  9219,	373  8869.5,	367  8965.5,	343  9133.5,	340  9140,	347  9076,	334  9178.5,	361  9051.5,
445  9250.5,	453  9142.5,	444  9353.5,	435  9610.5,	439  9554,	491  8983,	500  8942.5,
467  8333,	440  8554.5,	429  8618.5,	449  8488,	454  8485,	519  8298,	469  8313,	432  8574,
421  7698.5,	482  7543.5,	419  7709,	441  7588.5,	495  7503.5,	417  7811.5,	408  7851,
501  8803.5,	602  8779,	497  8840.5,	571  8783.5,	428  8929,	424  9005,	449  8855,	629  8682,
482  7096.5,	397  7430,	404  7211,	394  7479,	411  7190,	422  7098,	400  7406.5,	529  7049.5,
258  13497,	255  13589.5,	233  13729.5,	229  13754,	256  13580,	248  13609.5,	224  13961.5,	235  13688.5,	222  14357,	223  14150.5,	226  13894,	251  13599,	278  13450,
314  18492.5,	307  18621.5,	294  18988,	306  18683,	300  18891.5,	298  18905.5,	291  19182.5,	283  19394,	276  19401,	287  19252.5,
272  18152.5,	276  18062.5,	273  18063,	324  17545.5,	340  17507.5,	364  17487.5,	393  17474,	383  17483.5,	278  17626.5,	361  17493,	313  17553.5,	307  17609,
236  15227.5,	246  14846,	245  14861,	257  14589.5,	319  14557.5,	249  14795,	251  14791.5,	237  15034,	240  14864,
203  11959.5,	294  11480,	281  11547.5,	235  11559.5,	211  11789.5,	217  11722.5,	208  11958.5,	209  11955,	224  11640,
379  15261.5,	380  15208.5,	381  15131,	370  15326.5,	349  15330,	342  15481,
357  17387.5,	379  17112,	404  17091,	418  17075,	378  17327,	368  17347.5,	443  17017.5,
308  12877,	319  12679.5,	331  12509,	305  13082.5,	375  12375.5,	335  12452,
369  17524.5,	435  17094.5,	474  17002,	495  16972,	368  17861,	363  18098,	372  17106,	370  17338,	371  17211.5,
416  15355.5,	468  15313.5,	331  15552.5,	347  15429.5,	348  15362,	448  15328.5,
620  20536,	618  20593,	709  20417.5,	549  20881.5,	601  20807.5,	600  20866.5,
580  17139,	523  17393,	627  17066,	540  17154.5,	585  17122.5,	601  17082.5,	643  16970.5,	528  17352,
510  17617,	870  17449,	557  17473.5,
601  16478,	677  16390.5,	529  16690.5,	547  16527,	530  16596,	526  17117.5,	632  16459.5,
532  19719.5,	752  19318,	719  19320.5,	836  19222.5,	717  19360.5,	598  19483.5,	638  19370,	614  19407,	576  19499,	566  19562.5,	575  19506.5,
263  24027,	264  23331,	317  22551,	295  22635,	280  22776,	267  23144.5,	273  22910.5,
214  17097.5,	229  16742.5,	231  16677.5,	227  16837,	221  16878.5,	219  16940.5,	266  16625.5,
288  23348.5,	261  24322,	268  23691.5,	283  23391,	339  23311,	329  23336.5,	279  23659,
272  23269,	270  23641.5,	340  23063,	291  23252,	314  23074,	304  23154,	269  23750,	358  23058.5,	359  23053.5,
262  22326.5,	259  22613.5,	439  21926,	316  21991,	314  22001.5,	263  22271,	282  22011,	273  22016,	258  22795.5,	270  22089.5,	417  21964,	325  21965.5,
413  29972.5,	416  29902,	426  29667.5,	419  29837,	430  29328.5,	442  28933.5,	440  29068,
361  20655,	357  20787.5,	348  20807,	340  21067,	345  21057.5,	368  20637.5,	437  20268,	403  20405.5,	395  20504.5,	386  20530,
412  25205,	407  25458,	399  25521.5,	468  25157,	398  25542.5,	386  25608.5,
434  27423.5,	428  27620,	409  27936.5,	432  27425.5,	443  27376.5,	414  27658,	429  27555.5,	393  27949.5,	417  27628,	411  27860,
361  20930.5,	391  20827.5,	417  20821.5,	448  20777,	351  21227,	352  21075.5,	538  20753,	425  20794.5,
630  31309,	638  31292,	812  30938,	661  31195.5,	667  31128.5,	623  31673,	608  32100.5,	613  31883,	606  32513,	660  31254.5,	616  31778.5,	614  31856,
616  34728,	617  34703,	663  34337.5,	598  35056,	737  33915.5,	689  33987,	719  33924.5,	697  33942,	644  34465.5,	632  34673.5,
698  28252,	581  28834.5,	590  28758,	608  28600.5,	616  28587.5,	637  28266,
616  30875.5,	681  30050.5,	723  29931.5,	650  30330.5,	779  29917,	630  30658,	617  30803.5,	642  30571,	609  30931.5,	619  30701,
573  27305.5,	659  26630,	687  26522,	639  26862,	582  26884,	568  27460.5,	579  27216,	643  26767.5,	672  26533.5,
777  15424,	743  15449,	439  15524.5,	433  15720.5,	431  15821,	453  15449.5,	424  15980,	421  16043,
410  13381.5,	408  13395,	450  13292.5,	464  13282,	443  13300.5,	400  13458,	399  13489,	366  13901,	406  13450.5,	398  13526.5,	416  13371,	419  13350,	379  13574,	376  13636,
437  14928.5,	438  14883.5,	441  14789,	410  15226,	487  14692.5,	418  15067.5,	417  15174.5,	483  14779,	516  14657.5,	436  14931,	423  15043,	426  14940,
423  13674.5,	444  13654,	501  13582,	414  14066,	416  13885.5,	389  14270.5,	449  13649,	451  13612.5,	507  13502,	454  13590,	402  14142,	420  13881,	415  14065,
455  15250.5,	454  15329,	528  14867.5,	471  15152.5,	473  15151,	437  15330.5,	464  15155,	459  15158.5,	475  15050,	511  14968,
581  14081,	571  14087.5,	557  14260,	638  13878,	608  13887,	651  13797.5,	603  13970.5,	601  14031,	563  14108,
663  18373.5,	640  18619.5,	641  18522,	658  18462,	724  18081,	739  18033.5,	799  18003,	703  18123.5,	666  18184.5,
633  15821,	662  15820.5,	596  15839.5,	595  16259,	689  15789,	695  15778,	578  16525,
601  16553,	633  16461.5,	685  16213.5,	612  16534.5,	659  16422,	630  16478,
573  15001.5,	626  14773,	743  14764.5,	605  14780,	572  15482,
819  14030,	853  13958.5,	864  13790,	790  14092,
927  15693.5,	849  15800,
1006  14836.5,	987  14881,	873  15070.5,	879  15058.5,	918  14976.5,	919  14964.5,	957  14917.5,	940  14938,	906  15028,	900  15047,	889  15054,	853  15081.5,
876  16605.5,	880  16108,	1018  16050.5,
907  17537,	860  17549.5,	995  17366.5,	929  17406,
1153  20216.5,	449  20323,	483  20242,	475  20263.5,	400  20532,	429  20406.5,	393  20573,	389  20595,
430  25922,	436  25810.5,	469  25495,	513  25460,	480  25484.5,	472  25491.5,	435  25875,	441  25739.5,	462  25526.5,	506  25470.5,	423  25940.5,	445  25578.5,
453  26294.5,	450  26593.5,	451  26369,	461  26134,	448  26858.5,	488  25817.5,	509  25773,	541  25660,	463  25847,	457  26224.5,
564  32254,	562  32264,	520  32530,	525  32407.5,	547  32333.5,	502  32877.5,	493  33112,	504  32574,	497  33070.5,
467  28756,	455  29032.5,	452  29305.5,	471  28420,	484  28323,	501  28187,
827  35169.5,	767  35218.5,	791  35186.5,	888  35057.5,	875  35148,	727  35604,	725  36073.5,	741  35297,
701  32184.5,	688  32376,	702  32052,	863  31487,	826  31595.5,	715  31665.5,	705  31846,
713  31321.5,	711  31378.5,	703  31426.5,	758  30819,	678  31446.5,	722  31062,	721  31103,	718  31251,
669  28985,	658  29820,	700  28693.5,	662  29306.5,	663  29001,	674  28785.5,
730  29962.5,	826  29910,	678  30063,	703  30058,	673  30481.5,	660  30502.5,
1107  41216.5,	1227  39984.5,	1120  40916.5,	1135  40003.5,	1124  40406.5,
1260  39155.5,	1276  39125,	1176  39266,	1259  39179,	1203  39229,	1113  39289,	1087  40191,	1111  39536.5,	1099  39577.5,
1100  38825,	1107  37978.5,	1210  37789.5,	1103  38530.5,	1182  37940.5,	1104  38491,
1114  37033.5,	1141  36978,	1010  37203.5,	1092  37093.5,
1142  37504.5,	1054  37521,
470  42193.5,	490  41949.5,	492  41925,	493  41903,	503  41725.5,	500  41763,	489  42056,	560  41604.5,	484  42060.5,	477  42085,
556  46071,	626  45899,	583  45968,	604  45918.5,	647  45874.5,	538  46431,	519  46710,	525  46668.5,	544  46284.5,	534  46438,	518  46774,	528  46466,
576  49403.5,	607  49102.5,	622  49090.5,	544  49710,	550  49666,	539  49776,	573  49477.5,	596  49367,	557  49507,
501  42617,	541  42276,	546  42262.5,	522  42446.5,	478  43474.5,	497  42667.5,	505  42558.5,	500  42658.5,	515  42539,	483  42906,	482  43187.5,
554  42690,	627  42663,	513  42781,	493  43000,	486  43680,
718  47425.5,	731  46180.5,	744  45795,	815  45775.5,	851  45753,	722  46587,	732  45920,
834  45711,	836  45536,	810  45762,	727  46149.5,	736  46073,	739  45852,	753  45807.5,	720  46526.5,	710  46718.5,
749  48533.5,	748  48913,	745  49270.5,	867  48160,	753  48162,	734  49308,
749  47560,	784  47445,	814  47332,	728  47636.5,	757  47546.5,	772  47496.5,	785  47356,
754  50049.5,	744  50860.5,	931  49598,	1036  49566.5,	856  49634.5,	853  49721,	847  49741.5,	859  49613,	831  49754,	783  49891.5,	779  49966,
1124  53806.5,	1125  53371.5,	1129  53272,	1414  52612.5,	1165  52747.5,	1141  52931.5,	1315  52636,	1417  52513,	1164  52922.5,
1234  58571,	1204  58779.5,	1183  58806,	1264  58477,	1172  59403,	1332  58173.5,	1177  59102,
1162  56678.5,	1320  55567.5,	1157  56958.5,	1168  56120,	1188  56049,	1193  55642,
1178  61237,	1337  59496,	1243  59546.5,	1241  59932.5,	1182  59933,
1267  61394,	1287  60971,	1370  60926,	1276  61348.5,	1192  61671.5,	1242  61516.5,	1210  61554,	1304  60939.5,
651  24390,	685  24201.5,	713  23987.5,	701  24017.5,	733  23930.5,	739  23911.5,	749  23862.5,	895  23849.5,	887  23852.5,	659  24389,	677  24261.5,	695  24119,	661  24313,	665  24310,	648  25020.5,	678  24231.5,	689  24120,	731  23979.5,	688  24190.5,
638  21849,	644  21608,	625  22273.5,	629  22245,	637  21910,	635  21922.5,
674  19261.5,	699  19220,	575  19493.5,	554  19592,	562  19580.5,	564  19504,	582  19375.5,	592  19321.5,	549  19761,	614  19280,	635  19272.5,	576  19403,
667  19930.5,	628  19940.5,	620  20300.5,	584  20527,	596  20306,	592  20491.5,	580  20746,
636  20026.5,	647  20014.5,	658  19983.5,	574  20178,	571  20188.5,	619  20049,	593  20069,	629  20039,	670  19932.5,	566  20453,	567  20221.5,	568  20211,
912  21419,	931  21406.5,	950  21295.5,	865  21524.5,	854  21561,	834  21716.5,
1058  23308.5,	997  23331.5,	918  23332,	898  23587.5,	886  23637.5,
991  24370.5,	1015  24330,	988  24545,	951  24644.5,	939  24679.5,	943  24648,	915  24743.5,	911  24769,	874  25053.5,	952  24575.5,	907  25032.5,	881  25049,	895  25044.5,
904  23824.5,	929  23736,	980  23519.5,	1072  23513.5,	952  23544.5,	881  24061.5,	935  23695.5,	927  23747.5,	942  23649,	901  23954.5,	923  23791.5,
877  22652.5,	862  22962.5,	918  22570,	915  22613.5,	906  22626.5,	953  22537.5,	945  22547,
1355  27495,	1412  27219,	1351  27529,	1434  27135,	1366  27354.5,	1383  27294,	1471  27061,	1508  26906,	1465  27086,	1427  27145.5,	1506  26979,
1303  24910.5,	1331  24781.5,	1363  24771.5,	1413  24646,	1378  24728.5,
1373  23350.5,	1411  23295,	1394  23338.5,	1298  23521,
1326  24567,	1379  24354.5,	1365  24440,	1401  24111,	1366  24434.5,	1332  24446.5,	1287  24654.5,
1537  23163.5,	1334  23172,	1268  23299.5,	1275  23191,
795  52373.5,	824  51792,	818  51868,	816  51989,	791  52428.5,
752  46308,	879  45712.5,	818  45860,	814  45869.5,	776  45910,	755  46237,	719  46372.5,	722  46310,	760  45981,	795  45883.5,	863  45840,
744  45317.5,	729  45363.5,	714  45390.5,	712  45567.5,	820  44843,	750  45127,	758  44900.5,	791  44875.5,	881  44726.5,	860  44798.5,	806  44852,
707  43839.5,	723  43716,	760  43231.5,	735  43414,	715  43770.5,	805  43025.5,	810  43014,	768  43033.5,
708  41891.5,	754  41832.5,	698  42677.5,	674  42823.5,	691  42780.5,
1125  49946,	1179  49887,	1128  49891.5,	1239  49806.5,	1122  50056.5,	1108  50059.5,	1105  50077.5,	1093  50085.5,	1062  50109,	1056  50180,	1050  50874.5,
1107  50696,	1114  50628.5,	1055  50771.5,	1091  50725,	1118  50308,
1171  52825.5,	1227  52673.5,	1188  52692.5,	1176  52801,	1086  52885,	1079  53599,
1052  45966,	1060  45883.5,	1075  45851.5,	1077  45827,	1037  46122.5,	1047  46103,	1048  46063.5,	1002  46214.5,
1106  50682.5,	1089  50789,	1093  50717.5,	1130  50543.5,	1158  50526.5,	1082  51289,	1076  51434,
1653  52282.5,	1744  52191.5,	1819  52091,	1580  52405.5,	1856  52062.5,	1520  52502,
1635  60701,	1714  59217.5,	1683  59218,	1668  59262,	1720  59088.5,	1649  60490,	1653  60369,	1657  60223,
1769  58292,	1855  58007.5,	1642  58534,	1751  58408.5,	1781  58158.5,
1568  55153.5,
1707  62781,	1778  62032,	1744  62147,	1693  63223,	1695  63172,	1740  62574.5,	1732  62607,
840  63289,	756  63486.5,	736  64077.5,	739  64001,	751  63962.5,	839  63389.5,	774  63443.5,	730  64675.5,	719  64710,	722  64689,	733  64166,	714  64856,
769  72290,	785  71392.5,	816  71094,	782  71424.5,	786  71382,	817  70795.5,	805  71128,	793  71170.5,	765  72555.5,	842  70746,	896  70741,	924  70570.5,	897  70587,	780  72064,
795  73547.5,	792  73792,	773  74101.5,	786  73940,	850  72147.5,	862  72090.5,	822  72149,	819  72230.5,	816  72431,	815  72599.5,	800  72820.5,	803  72791,	811  72748.5,
841  79797,	826  79834,	845  79660,	847  78682.5,	870  78607.5,
800  62085,	752  62741,	723  62954,	708  63045.5,	776  62518,	777  62464,	785  62376,	753  62720,	734  62816,	874  62004.5,	873  62022.5,	807  62046,	755  62684,	749  62814.5,	764  62647.5,	765  62532.5,
1218  78085,	1216  78112,	1168  78236.5,	1142  78459,	1137  79116,	1372  77913,	1127  79159.5,	1281  77937,	1154  78346.5,
1261  91637,	1291  90941.5,	1336  90541.5,	1301  90773,	1285  91244,	1251  91761.5,	1276  91334,	1264  91497,
1272  73764,	1321  73755,	1141  74299.5,	1162  74144.5,	1136  74502.5,	1198  73793.5,	1183  73863.5,	1172  74079.5,	1159  74192,	1119  75181.5,	1117  75246,	1120  75147,
1132  74910,	1130  75038.5,	1261  74717,	1304  74643,	1210  74733,	1114  76017,	1124  75518,	1194  74804.5,
1128  73797,	1160  73521.5,	1228  73143.5,	1194  73305.5,	1203  73201.5,	1089  74110.5,	1132  73698,	1145  73669,	1157  73625.5,	1309  73131.5,	1162  73411,
1778  81548,	1802  81539,	1720  81693.5,	1730  81585.5,	1685  82495.5,	1718  82154,	1986  81437,	1732  81570.5,	1727  81673.5,	1719  81743,
1751  88223,	1749  88694.5,	1777  87696,	1784  87465.5,	1785  87244.5,	1761  87834,	1774  87829,
1748  81966.5,	1736  81979,	1724  83382.5,	1721  83477.5,	1708  83607,	1725  82970.5,
1676  80009.5,	1729  78807.5,	1705  78947,	1758  78774.5,	1766  78755,	1681  79386,
1678  80274,	1763  80214.5,	1742  80252,