322  5830.5,	267  6561.5,	344  5607,	300  5882,	285  6368,	281  6369,	590  5517.5,	324  5686.5,	359  5584,
396  7305,	357  7470,	311  8303,	302  8680,
393  8562.5,	402  8362.5,	360  9451.5,	412  8180.5,	464  8123.5,	375  9292.5,
378  6046.5,	366  6110.5,	359  6142.5,	321  6279.5,	302  6981.5,
307  5920,	301  6015.5,	284  6761.5,
552  8194,	525  9085,	601  8167.5,	624  8153,	519  9326.5,	576  8168,	681  8096,
518  7336.5,	497  7493.5,	485  8199.5,	612  7270.5,
491  7485.5,	536  7125.5,	514  7459,
466  5670.5,	411  6477,	435  5845,	429  6343,	445  5765,
517  9031.5,	545  8155.5,	490  9373.5,	1139  8130,	494  9289,	519  8284,
867  11295,	887  10314.5,	810  11406,	873  10863,	798  11705,	879  10682.5,
694  8195.5,	690  8590.5,	698  8110.5,	627  8922.5,	767  8073.5,
766  8433.5,	817  8304.5,	784  8395.5,	730  8451.5,
701  8005.5,	667  8865.5,	761  7984.5,	851  7969,
763  7835.5,	723  9010.5,	735  9000,	747  8954,
410  15986.5,	409  16002.5,	365  16267,	461  14263.5,	796  14218.5,	439  14481,	380  16051,
388  12777.5,	341  14562.5,	377  14456,	361  14520,
498  17081,	422  19268,	419  19416,	555  16795,	418  19617,	505  17024,	486  17307,	479  17334,	461  19080.5,
494  14119.5,	434  14122,	374  16114.5,	364  16455.5,	414  14264.5,	426  14225.5,	381  16040,
472  13495,	406  13879.5,	373  15179,	359  15280,	411  13654,
625  16358.5,	570  17867.5,	637  16139.5,
627  16505,	584  18118.5,	579  18548.5,	702  16233,
573  16037.5,	545  16216.5,	602  14741,	662  14525,	590  14938,
560  16475,	629  15106.5,	558  16834,	618  16421,	617  16425,	644  14644.5,
715  16616,	954  16523,	610  18387.5,	659  16802.5,	675  16684.5,	700  16679,
962  19096,	943  20970,	941  21002.5,
970  18493.5,	908  20548.5,	956  20466.5,	957  19157,
904  18081,	1028  16698.5,	997  16983.5,	967  17111.5,	886  18254.5,	874  18266.5,
953  18365,	962  16720.5,	889  18439.5,	885  18684.5,	1176  16586.5,
859  14216,	879  13422,	830  14806,
509  21664.5,	475  22000.5,	415  24237,	407  24528,	464  22028,	463  22151,	401  24610.5,	411  24420,
418  21016,	387  23472,	380  23861,	867  20901.5,	393  23430,	487  20934,
805  20853,	396  23457,	445  21109,	441  21265,	382  23858.5,
575  25965,	439  29289,	989  25938,	509  26257.5,	438  29797.5,
453  26872.5,	450  26878.5,	517  23619.5,	516  24175,	458  26702,	431  26918.5,	413  27139.5,	411  27145.5,
569  21554.5,	575  21543,	568  21661,	732  19118,	605  19195,	571  21548,
709  25635,	658  28203.5,	839  25407.5,	827  25604.5,	625  28371,	623  28389,	622  28524.5,
790  24444.5,	729  25003.5,	629  27072,	739  24724,
675  29969,	795  26248.5,	667  30129.5,	699  27270,	753  26779,	695  29826.5,
786  24896,	692  27883,	646  27910.5,	707  25652,	770  25353,	742  25496,
1275  30319.5,	1079  33549,	1054  33599,	1057  33583,	1113  30766.5,	1084  33354.5,	1046  33965,	1178  30732,	1175  30756,
1076  24593,	999  24826,	982  26916.5,	956  27185.5,	1144  24146,	1020  24619,
1025  23637.5,	1067  23070,	1065  23520,	1034  23541,	954  25183.5,
1010  22744,	1009  22827,	1053  22380,	1036  22693,	988  24300,	958  25033.5,	978  24416,
944  21506.5,	904  22686.5,	1005  21364.5,	1008  21196,	977  21400,
577  14397,	594  12805,	606  12799.5,	709  12668,	639  12700,	591  14343,	710  12540.5,	576  14454.5,	573  14566.5,
664  13864,	647  15959.5,	656  14202.5,	583  16130,	1471  13793,	747  13806.5,	593  15972.5,
696  17902.5,	689  17982.5,	677  18064.5,	698  17696.5,	706  15812.5,	760  15799.5,
657  13047.5,	579  14710.5,	624  13351.5,	643  13180.5,
688  15258.5,	673  15297,	727  14709.5,	641  16638,	631  16970.5,	652  16636.5,	707  14806,	639  16893,
787  15933,	761  16161,	866  14290.5,
1223  14110.5,	912  14157,	838  15871,
986  20199.5,	1092  17685.5,	1063  17700.5,	1043  17820.5,	990  20115,	1011  20064,
959  15928,	984  15919.5,	905  18249.5,
1079  14488,	868  14496,	860  16303,
1192  16516,	1103  16582,	1214  14779,
1187  15098,	1347  14819,
1200  14350.5,	1151  16222.5,	1241  14171,	1181  15561,
1225  16293.5,	1282  14477,	1232  16236,	1269  16165,
1393  15098,	1287  15153.5,	1286  15303.5,	1223  17061.5,
784  29589.5,	719  33609,	723  33381,	771  30124.5,	732  33099,
784  29064,	918  29005.5,	1647  28962.5,	804  29049,	705  32523.5,
708  23313.5,	597  26696.5,	846  22776,	608  26229,
833  26293.5,	830  26679,	779  26740,	669  30009.5,	655  30385.5,	662  30066,
847  28045,	899  27798,	875  28014,	781  28143.5,	705  31434,	674  31607,	815  28080.5,
1192  28797.5,	1176  29533,	1218  28785,	1081  32172.5,
1212  34737,	1110  38147.5,	1259  34264.5,
1177  30981.5,	1090  34684.5,	1155  34558,	1074  34737.5,
1129  34787.5,	1144  30973,	1102  35709,
1171  30959.5,	1156  31373.5,	1027  35112,	1072  35029.5,
1871  31786,	1714  34685.5,	1815  32618.5,	1676  35211.5,	1617  35510.5,
1746  31184,	1605  33918.5,	1748  30977.5,	1596  34122,
1779  33638.5,	1659  36467.5,
1700  38313,	1825  34210,	1716  38014,	1698  38937,
1835  36888.5,	1816  36937.5,	1811  41161,	1770  41709.5,
806  40094,	725  44629,	744  44603,	707  45101.5,	705  45125.5,
999  46357.5,	790  51944.5,	928  46597.5,	915  47001.5,
805  48608,	912  44531,	785  48783,	773  49006,	921  43660.5,	770  49548,
1014  47729,	945  48275,	833  53790,	835  53748,	824  54412,	979  48152,	846  53600.5,
880  43711,	872  43995.5,	1788  43629,	773  49280,	786  49068.5,
1262  55524.5,	1220  56404.5,	1314  50197.5,	1224  55904,
1249  53037.5,	1243  53294.5,	1238  53339,	1207  53365,	1422  47409,	1320  47921,	1455  46814.5,	1201  53783.5,
1101  47581,	1130  46796.5,	1258  42495,
1161  47389,	1259  42643.5,	1113  47401.5,
1277  46028,	1163  51413,	1311  45498.5,	1166  51197.5,	1283  46010.5,	1203  50767.5,	1230  50682,
2059  65973,	2057  66069,	2036  66077,	2146  59521,
2095  61652.5,	1993  67789,	1981  68708.5,
2026  60973.5,	2170  55490.5,	1998  61466.5,	2044  55981.5,	2209  55157,	2064  55535,	2006  61409.5,
2036  57794.5,	1903  62924,	1897  63496,	2068  57638,	2197  57580,
1977  63869,	2163  57725,	1943  63879,	2188  57511,	2012  63570,	2109  57756.5,	2007  63723,	2064  58257,
873  19373,	829  21437,	862  19421,	820  21483,	902  18925,	791  21631.5,
867  24263.5,	1058  21737,	2190  21627.5,	959  21758.5,
834  21049.5,	870  18961.5,	940  18708,	895  18719,	811  21173,
870  22075,	952  19847.5,	885  20337.5,	863  22349.5,	924  19885,	920  20170,
888  19689,	903  19488,	802  21603,	898  19488.5,	785  21823,	921  19145.5,	957  19102,	917  19408.5,
1236  20655.5,	1189  20684,	1109  23354,	1089  23480,
1393  23722.5,	1384  24150.5,	1262  27081.5,	1254  27445.5,	1305  24160.5,	1300  27077,	1249  27513,
1222  21216,	1198  21781,	1104  24278,	1173  23754.5,	1166  23985.5,
1149  20722,	1065  22907,	1063  23038,	1192  20243.5,
1225  22105,	1217  22179,
1624  23051,	1745  20976.5,	1686  22810.5,	1721  21039.5,	1625  22873.5,
1801  24582.5,	1766  24884.5,	1679  27122.5,	1868  24582,
1703  26349.5,	1803  23551.5,	1776  23683.5,	1858  23248.5,	1771  26170.5,
1644  23694.5,	1643  23702.5,	1921  21774,	1737  21882.5,	1594  23987.5,	1824  21787.5,
1663  21993,	1641  22113,	1804  19791.5,	1690  20085.5,	1626  22626.5,	1790  19910.5,
1212  53335.5,	1132  53366.5,	1272  47410.5,	1256  48465.5,	1250  48486.5,	1115  53624.5,	1106  53697.5,
1328  47440.5,	1284  47943.5,	1268  48165.5,	1119  54030.5,	1193  53894,
1053  50242.5,	1311  44282.5,	1072  49772.5,	1070  50151.5,	1075  49750,	1189  44534,
1307  47028.5,	1240  47350.5,	1272  47067,	1337  47010,	1118  52679.5,	1138  52385,	1129  52673.5,
1222  44216.5,	1049  49633.5,	1242  44097,	1034  50215,	1036  49763.5,	1185  44836.5,
1641  45856,	1543  50502.5,	1615  46191.5,	1845  45801.5,	1481  50840.5,
1558  50714.5,	1757  45213,	1654  45277,	1522  51083.5,	1519  51103.5,	1505  51445.5,
1591  50863,	1546  51016,	1592  45942,	1476  51045,
1529  51645,	1642  45360.5,	1620  46218.5,	1555  51443,	1580  51229,
1638  55600.5,	1738  50279.5,	1573  55602.5,	1687  50287,
2507  49653.5,	2373  54741.5,
2765  55430,	2607  61198,	2467  61510.5,	2677  56165.5,
2230  56087.5,	2580  50669.5,	2475  51293.5,
2171  52976,	2406  48235,	2374  48319.5,	2279  52827.5,
2442  50407,	2377  56123,	2902  49698.5,	2495  49831,	2398  55002,
1188  55841.5,	1047  63300,	1120  63232,	1177  57203.5,	1045  63391.5,	1187  56982,	1203  55750.5,	1185  57108.5,	1000  63512,
1110  68641,	1090  68679,	1224  61629,	1326  61328,	1054  69047.5,	1229  61595,
1313  67135.5,	1134  76132.5,	1151  75739.5,	1173  75061.5,	1319  66766,	1193  74894,
1104  72714.5,	1139  72153.5,	1273  64682,	1269  64967,	1069  73044,	1283  64175.5,	1152  71837.5,	1370  64041,
1253  63207,	1409  63203,	1139  70696.5,	1158  70595.5,	1245  64120.5,	1114  71021.5,	1107  71087,	1106  71129,	1081  71135,
2107  83631,	2106  83770,	1842  93451,	1815  94627,	1993  84060,
2002  78194,	1826  87596,	1956  79820,
1884  85552,	1911  85065.5,	1904  85081.5,	2015  76245.5,	1822  85970.5,
1842  86911.5,	1970  77679,	1878  86443,
1783  78586,	1718  78769,	1892  70879,	1883  71157,
2930  93123.5,	2918  94091,	2932  84108.5,
3033  79020.5,	2950  79510,	2840  87150.5,	3096  78336,	2888  86841,	2765  87622.5,	2753  87836.5,	2749  87884.5,
2993  81402,	2908  82087.5,	3030  81363.5,	2797  89673.5,	2939  81608,	2932  81894,	2746  89971.5,
2916  96058,	3021  86480,	2994  86897,	2811  96130,
2828  89910.5,	2954  81554,	2794  90110,	2987  81551.5,
713  7202.5,	324  7203,	303  7246,	252  7518,	276  7277.5,	260  7346,	243  8415,	242  8417,
252  7097,	215  8028,	229  7930.5,	254  6941,	241  7106,	258  6902.5,
241  7205.5,	263  7184,	223  7963,	264  7080.5,	650  7022,	283  7041.5,	279  7079.5,
301  7636,	241  8019,	269  7913,
262  6006.5,	250  6068.5,	231  6148,	219  6378.5,	213  6461,	207  6994.5,	212  6973,
312  7448,	298  8053,	342  7440.5,	387  7275.5,	378  7372.5,	916  7263.5,
294  7545,	339  6684,	324  7378.5,	311  7488,	435  6677,	318  7408.5,	334  6732.5,	312  7448.5,	332  6869.5,	820  6513.5,	478  6643,
307  7401.5,	347  6821,	327  7020.5,	305  7831.5,	351  6756,
408  7230,	348  7279,	318  8140,
902  7336.5,	383  7442.5,	362  7472.5,	348  8225.5,	335  8327.5,	445  7404,
573  8067.5,	491  8246.5,	484  9132.5,	590  7910,	575  8003,	569  8213,
565  8020.5,	543  8669,	534  9374,	554  8314.5,	557  8249,	535  9063.5,
602  9484,	587  9740,	580  9935,	658  9473.5,	540  10301,
489  7735,	610  7658.5,	926  7655.5,
494  8051.5,	459  8657.5,	547  7763.5,
232  14369,	284  12589.5,	290  12526.5,	256  13969,	322  12410,	267  12907,	244  14051,	271  12688,	258  12918,	236  14299,
284  13601,	248  15194,	241  15526,	283  15060.5,	325  13253.5,	288  13298,	286  13540,	263  15189,	242  15490,
261  11354,	225  12674.5,	240  11471,	236  12473,	232  12589,	291  11286.5,	251  11398,	218  12803.5,
287  14690.5,	757  14181.5,	350  14189,	253  16611,	341  14532,	295  14552.5,	271  16293.5,	286  16121,	276  16137.5,
333  13378.5,	276  14994,	241  15135,	307  13619.5,	252  15027,	302  13653,	292  13814,
383  16270,	426  14865.5,	381  16375,	514  14217,	445  14643,	457  14623.5,	424  16230.5,
402  18706,	533  16788,	451  16963,	475  16827.5,	454  16962.5,
596  16328,	903  16200,	488  16410,	482  18336.5,	409  18351,
440  12651,	379  12831,	365  14347,	413  12797.5,
732  15620.5,	454  16056.5,	455  15995,	426  17202,	506  15865.5,	497  15930.5,
649  19860,	665  18140.5,	789  17987,	826  17764,
580  15555,	609  14097,	670  13918,
717  18496.5,	637  20081.5,	632  20157.5,	693  18741.5,	701  18731.5,	785  18164,	780  18488,
708  16976,	630  18972.5,	639  17052.5,	635  17119.5,	634  18868,	702  17004.5,	699  17024.5,
1028  18171.5,	635  19961,	691  19945,	694  18434,
274  22519,	273  22525,	297  22449.5,	342  19897.5,	255  23024.5,	313  20279.5,	303  22222.5,	308  20302.5,	260  22865,	264  22666.5,
255  21994,	327  19378,	268  21424.5,	312  19459.5,	303  19510.5,	302  19546.5,
298  19461,	709  19012.5,	729  18997.5,	272  21072,	312  19142,	265  21161,	260  21344.5,
294  24625.5,	286  24671.5,	800  21874.5,	354  22031.5,	370  22009,	313  22111.5,
327  21876.5,	267  24224.5,	339  21311.5,	333  21323.5,	272  24126,	296  24115,	764  21229,	309  23924.5,
431  25502,	463  23278.5,	474  22594,
504  22463,	499  23157,	451  25436,	455  23417,	501  22703.5,	418  25698,
456  23637.5,	428  23698,	482  21215,	459  21790,	426  23882,
583  27516.5,	578  27564.5,	508  30942,	491  31231,	519  30410.5,	551  27593,	525  27686,	503  30982,	496  31113.5,	510  30619.5,	474  31235.5,
478  23211,	460  23412.5,	411  25558,
683  27867,	698  27840.5,	706  25412,	822  25243.5,	840  25200,	675  28061,
751  28535.5,	726  28575.5,	688  31283.5,	687  31301.5,	670  31833.5,
831  32901,	826  33400,	829  33001.5,	719  35827.5,	904  32823,	810  33685,
805  29566.5,	802  29648.5,	750  34199,	767  33939,	779  30576.5,	776  33889.5,
750  24984.5,	686  27590,	726  25772,	669  28220.5,
428  15036.5,	432  13391.5,	430  13563.5,	416  15169.5,	457  13310.5,	396  15264.5,
420  15451,	439  13944,	484  13688.5,	442  13913.5,	462  13858,	433  15315,
448  12523.5,	405  14297.5,	440  12657.5,	413  14203,	416  14166,	414  14168,	541  12469,	366  14416,
445  12945,	397  14414.5,	384  14549.5,	403  13058,	393  14421,	391  14467,	461  12821,	429  13040.5,
413  11806,	453  11776.5,	346  13578.5,	388  12028.5,	386  12038.5,
632  14779,	686  14721,	547  15054,	543  16743,
651  14979.5,	639  15050.5,	648  14989,	590  16729.5,	654  14847,
644  17079,	821  16785,	683  17008,	634  19537,	694  16832.5,
632  13243.5,	678  13057.5,	644  13225.5,	597  13427.5,	563  14404.5,
643  13953.5,	594  14270.5,	584  14500.5,	585  14389,	580  15955.5,
885  15956.5,	838  18175.5,	826  18200.5,
972  13812,	735  15155.5,	870  13948,
895  14811.5,	843  16750.5,	842  16766.5,	876  14977.5,	851  16675.5,
805  14270,
902  17225.5,	842  18966.5,	841  19297.5,	1066  16974.5,
473  31407.5,	616  27559,	539  31034,	489  31087.5,	549  27758,	545  28005,
583  28873,	648  28384.5,	579  29112,	588  28537,	496  32017,	484  32139,
639  32544,	652  32021,	645  32534,	523  36867.5,	534  36686.5,	520  36962,	589  36678,
521  27051,	516  30082,	450  30361.5,	537  26716,	488  30241.5,	487  30253.5,
604  30518,	539  34386,	529  34443,	505  34613.5,	581  30541,	569  30605,
745  33316.5,	782  29807,	779  30149,	757  33094,	747  33221,	857  29702.5,
795  31003.5,	787  31367,	728  34787,	864  30700.5,	808  30826.5,	756  33725.5,	735  34210.5,
727  34230.5,	808  30197,	762  33635,	750  33958,	709  34268,
827  29666,	825  29851.5,	784  30564,	718  33662,	709  33855,
871  35102.5,	787  39344.5,	786  39372.5,	775  39790.5,
1260  36807.5,	1150  37030.5,	1090  40790.5,	1225  36990,
1209  39884,	1297  36696,	1301  36687,	1208  40089,	1207  40117,	1546  36359.5,	1186  40422,	1526  36574.5,
1192  39377,	1257  35793,	1187  40094.5,
1248  37772,	1185  41881,
1335  33246,	1269  33246.5,	1147  33391.5,	1088  36215.5,	1266  33300.5,
538  52758.5,	627  46567.5,	571  52445.5,
545  47384,	614  42242,	550  46922,	583  42570.5,	570  42657.5,	530  47520,	591  42382,	519  47741,
642  45791,	691  45622.5,	638  45821,	601  50941.5,	529  50963,	616  46110,	527  51211.5,
527  47592.5,	619  42399,	617  43006.5,	491  47721,
597  52783,	638  46934.5,	598  52615.5,	542  52785,	709  46428.5,	658  46671.5,
865  57980,	858  58872,	854  58938,	912  51484.5,
956  49108.5,	906  49236.5,	821  53992.5,	965  48877.5,	996  48714.5,
838  50067.5,	809  50246,	858  45544.5,	935  44982,	861  45449,	894  45251,	786  51133,	856  45871.5,	792  50417.5,
856  56949,	921  50987,	874  56771,	842  57124,	896  56560.5,	847  56955,	983  50248.5,
966  52193,	959  52809.5,	812  58274.5,	947  53237.5,	865  58239.5,
1222  58807.5,	1435  52764.5,	1341  58598,	1336  58621,	1365  53248.5,	1361  53720.5,	1358  53744.5,
1323  54357,	1359  49004.5,	1351  49477.5,	1294  54646.5,	1245  54986.5,
1694  56162,	1355  61799,	1351  61817,	1380  56198,	1314  62049,	1307  62401,
1477  63220,	1383  70584.5,	1475  69994.5,	1437  70100.5,
1367  64703.5,	1386  63943,	1380  64496,	1513  57928,	1442  63810,	1468  59291,
614  23348.5,	657  20712.5,	578  23504.5,
560  21661,	728  19196,	610  19378.5,	548  22205.5,	599  19414.5,	594  19531,	687  19329.5,
575  24537.5,	642  21408,	633  21768,	628  24252.5,
732  21599.5,	572  24661.5,	673  21626.5,
687  21299.5,	633  21677.5,	625  24086.5,	592  24188,
897  24961.5,	870  28010.5,	940  24354,
817  19527,	698  22039,	687  22658,
901  22400.5,	837  25135.5,	816  25549.5,	784  25653,	863  23120.5,	831  25301,	788  25642,
1022  21625.5,	854  21890,	790  24454,
929  23816,	956  23710.5,	866  23960,	928  23834.5,
1306  22857,	1249  23040,	1248  23090,	1202  26090,	1237  23534,	1285  22963.5,	1218  25807.5,	1247  23118.5,
1013  25142.5,	1304  22398.5,	1291  22570.5,	1096  22755.5,	1062  25047.5,
1150  20330.5,	1081  22098.5,	1051  22365.5,	1215  19957.5,	1187  20209,
1362  22663,	1119  25635,	1176  22791,	1157  25497.5,	1307  22776,	1161  25002.5,
1100  25465.5,	1118  23718,	1157  22918.5,
798  41704.5,	886  41532,	764  41856.5,	699  46319.5,
852  46720,	811  52039,	837  46858,	835  46874,	763  52506.5,	775  52375,	751  52647.5,	855  46580,	777  52294,	878  46141.5,
802  42759.5,	816  42088.5,	671  47449,	696  47354.5,	805  42268,
684  48057,	769  42904.5,	835  42725.5,	673  48576,	757  47816,
694  45378.5,	869  40417.5,	662  45580.5,	761  40457.5,	757  40583.5,	741  41053.5,
1008  53636,	1005  54213,	1165  48160,	1151  48324,	1060  53357,
1040  49266.5,	1080  44130.5,	995  49715.5,
1102  45540,	1090  45872,	998  51287,	1077  51036,	1137  45462.5,
996  47804,	1025  47374.5,	1124  42749,
1146  45126.5,	1097  45328.5,	1096  45531.5,	1004  50283.5,
1540  51175,	1550  50874,	1664  46022.5,	1633  46531.5,	1627  46535.5,	1649  46245,
1649  48850.5,	1623  49468.5,	1606  49474.5,	1578  53976.5,	1556  54318.5,
1773  52638.5,	1671  58123.5,	1658  58307.5,	1636  58613.5,
1552  52617.5,	1682  48058.5,	1739  47209.5,	1664  52478.5,
1610  57243.5,	1695  51202.5,	1694  51862.5,	1606  58060.5,	1579  58106.5,
911  65554.5,	923  65116,	892  65886,	879  66648,	775  73135,	753  73656,
854  81296.5,	841  81791.5,	975  73343,	1120  72979.5,	834  82916,
844  62052.5,	735  69467.5,	832  62314,	740  68832,	912  61205.5,	731  69524.5,	717  69641.5,
890  59989,	897  59735.5,	816  60068,	719  67019,	715  67686.5,
803  74381.5,	841  74364.5,	802  74423.5,	894  65897,	892  66374.5,	768  74435.5,	887  66794.5,	874  66817.5,	869  66904,	757  74971.5,
1232  81308,	1182  82337,	1327  73532,	1309  74099.5,	1217  81857,	1338  73072.5,	1315  73630,	1220  81529.5,
1221  75944.5,	1175  76686,	1252  75293.5,	1250  75299.5,	1243  75609.5,	1322  67787,
1468  71484.5,	1211  79396,	1402  71510,	1177  80054.5,	1328  71663,	1154  80098.5,
1271  73094.5,	1240  73339.5,	1161  81353.5,
1345  69797.5,	1347  68765.5,	1222  76722.5,	1262  69829,	1255  70350,	1145  76861,
1954  86217.5,	1924  86651.5,	1921  86805.5,	1998  78922.5,	1877  87307.5,
2053  75767,	1869  75896,	1746  83324,
1819  87034,	1875  86756,	1929  78808.5,	1813  87635.5,
2016  81607,	1909  89571.5,	1974  88995.5,	2032  81173.5,	2007  81871.5,
1938  72250,	1820  80741,	1856  79228,	1846  79822,	1838  80206.5,
258  8060.5,	213  8299.5,	239  8079,	206  8458.5,	222  8206,	238  8172,	218  8253,	202  9174,	197  9198,
191  6828,	178  7963,	174  7987,	180  7839,	183  7023.5,
309  7293.5,	206  7521,	212  7298.5,	202  7763,	192  8341,	187  8470,	189  8436.5,
209  7246,	202  7278,	178  8072.5,	216  7114.5,	550  6962.5,	262  7059.5,	265  6995,	179  8064,
155  5302.5,	143  6120.5,	178  5293,	172  5298,	197  5259,	148  5935,	136  6170.5,
214  6344,	277  5680,	288  5555.5,	232  5711,
327  7061.5,	257  8124.5,	264  8092,	277  7269,	274  7349,	284  7241.5,	255  8344.5,
285  8144.5,	310  7902.5,	329  7738.5,	264  8687.5,	323  7855,	304  8139.5,
371  6834,	249  7868,	350  6854,	258  7815,	291  7109.5,	278  7196.5,	263  7223.5,
333  9144,	317  9200.5,	344  9000,	292  10061,
768  8786,	420  9271,	417  10253.5,	426  8922,
504  8600.5,	387  9253.5,	514  8501.5,	441  8657.5,	439  8816.5,
399  8395.5,	410  7541.5,	370  8401.5,	449  7465,
460  8909.5,	470  8611.5,	465  8696,	457  8967.5,	424  9925.5,	438  9079.5,	427  9793.5,
427  7055,	384  7128.5,	368  7290.5,	364  7845.5,	448  6983.5,
239  13621.5,	262  13402,	186  15353.5,	621  13164.5,	292  13351.5,	198  15104,	205  13625,
247  20963,	244  21039.5,	279  20630.5,	248  20904.5,	251  20870.5,	264  20696,	858  18494.5,	303  18549,
242  19939.5,	257  19856.5,	278  17858,	276  18194,	225  20075,	224  20086,	352  17573,	265  19780,	253  19914.5,	771  17556.5,	287  17711,
205  16280.5,	274  14577.5,	242  14583.5,	236  14599,
196  12906,	556  11483,	199  11569,	271  11493,	170  13059.5,
342  14984,	325  16854,	302  16994,
1109  16909.5,	1009  17096.5,	358  17109,	347  19000,	357  18918,	324  19224,
302  12167.5,	269  12263,	249  13539,
336  16987.5,	335  19009,	333  19541,
433  15311,	967  15269.5,	396  15474,	408  15473,	342  15679,	319  17374,	380  15663.5,	333  16915,	332  16947,	1014  15217,	327  17227.5,
576  20126,	564  20384,	536  22474,	509  23183.5,	510  23019.5,	551  20634,	550  20702,	549  21006,	529  22608,
535  16658.5,	512  18444.5,	527  16797.5,	491  18613.5,	484  18993,
497  19175.5,	515  17173.5,	473  19445,	505  19030.5,
483  16535,	465  17994,	608  16260.5,	591  16378,
579  19406.5,	568  19588.5,	534  20777.5,	528  21176.5,	634  19268,
247  22890.5,	221  25327.5,	284  22830.5,
214  16970.5,	184  18643.5,	327  16816.5,	197  18498.5,	238  16952,	355  16798,	212  16992.5,
305  23290.5,	284  23310.5,	233  26341,	236  26274.5,	232  26395,	259  23798.5,	239  26272.5,	281  23718.5,	221  26657.5,
727  22827,	220  26184.5,	280  23670.5,	238  26100.5,	325  23159.5,	726  23144,	299  23474.5,	269  25825.5,	257  25884.5,	227  26115,
264  22162,	219  25404.5,	292  22000,	719  21920.5,	234  24470,	271  22117.5,	267  22131.5,	226  24644,
453  29021.5,	430  29086,	419  29802,	387  32358,	382  32955.5,
333  20584.5,	311  22647.5,	980  20177,	399  20292,	380  20511.5,	883  20228,
1106  25048.5,	370  25537.5,	364  25870.5,	340  27966.5,	399  25052,
1223  27201.5,	398  27212,	384  27469,	379  30538.5,	378  30556.5,	362  30594,
324  23288,	363  20847,	360  21094,	351  21158.5,	794  20767,	333  22944,	376  20784.5,
659  31229.5,	567  34795.5,	814  31014.5,	802  31117.5,	699  31185,	759  31165.5,	603  34217.5,	574  34348,	619  31838.5,	573  34500,	621  31748.5,
607  35267.5,	662  34324.5,	680  34181.5,	719  33399.5,	716  33752.5,	591  37844.5,	609  34331,	575  38640,
561  28509,	527  31406,
620  29800,	619  29848,	571  33072,
531  29239,	526  29516,	598  26631.5,	564  29134.5,	566  26772,	786  26577,
354  17191,	383  15459,	387  14908.5,
317  13202,	342  13116,	300  14859.5,	297  15349.5,
362  14639.5,	357  14962.5,	349  16285.5,	324  16484,	317  16693,	381  14404,	356  16061.5,
340  13590.5,	380  13566,	321  15384,	338  13907,
366  16926.5,	383  15065,	381  16557,	408  14682.5,	378  16623,	384  14939,
497  13548.5,	472  15054.5,	476  13688,	452  15401.5,
617  17635,	537  17868,	563  17853,	512  20068,	571  17804.5,
478  15461,	505  15200.5,
546  15873,	536  15905.5,	523  15914,	510  16031.5,	467  16088.5,
524  14424.5,	472  14498,	451  14549.5,
651  13241.5,	627  14983.5,	644  13320,	729  13097,
734  15028.5,	690  15293.5,	679  16718.5,
644  13763.5,	628  15280.5,
617  17270,	734  15133.5,	639  15230.5,	632  16445.5,
765  16848.5,	763  16877.5,	741  18463.5,	730  18527.5,	752  16943.5,	801  16655.5,
298  22234,	385  19519.5,	304  21973,	339  19983,	301  22152,	361  19561.5,	346  19692.5,
427  25340,	450  25116,	352  27951.5,	343  28375,	406  25618.5,	407  25372,	385  25754.5,	342  28878.5,	1409  25098.5,
386  25574,	477  25242.5,	344  28448,	451  25387,	461  25366,	376  28417,	338  29076,	418  25552,
456  32387,	411  35904,	410  35908,	461  32060.5,	455  35792,	405  36072,	439  35821.5,
490  28005.5,	471  28081.5,	413  31172,	451  28136.5,	382  31698,	366  31809,	372  31746,	387  31392.5,	418  28816.5,
662  34673.5,	665  34469.5,	675  34129,	621  38101,	614  38741,	713  34070,
720  30953.5,	569  34332.5,	603  34280,	550  34483,	619  30994.5,
553  33663,	675  30307,	581  33404.5,	628  30613,
572  28192.5,	705  27797,	551  28603.5,	527  30975.5,	526  31562.5,
615  29227,	604  32779,	560  32930,	601  32868,
1147  38231,	1019  38281.5,	929  38525.5,	894  42312,	877  43310,
985  37617,	925  42182,	919  42371,	973  38585.5,
995  36956.5,	953  40844.5,
929  35686,	927  39896,
963  40224,	1015  35910,	974  39437,	968  39632,	929  40240,
456  42477.5,	468  41474,	575  41381.5,	404  46520,	619  41331,	383  46726,	431  46088,
471  50693.5,	467  50873,	485  45463.5,	410  51303.5,	438  51289.5,
489  54415.5,	547  48286,	443  54420,	421  54559,	512  48432,
451  41593.5,	391  47151,
408  48003.5,	468  42959,	480  42670.5,	431  47607,	409  47742.5,	1626  42532,	561  42555.5,	453  47420.5,	448  47556.5,	432  47567,	419  47608.5,
721  44958.5,	699  45171.5,	645  50205.5,	640  50289,	624  50533.5,	695  45349.5,	612  50808.5,	597  50824.5,
582  49811,	580  50914,	699  45105,	638  45592,
819  47557,	722  48036.5,	648  52710.5,	636  53803.5,	788  47869.5,	769  47947,	703  48097.5,	640  53344.5,	702  48708,	631  53921,	812  47751.5,	806  47833.5,
604  51217.5,	717  46182.5,	598  51574,	745  46116,	672  46524.5,
662  54425,	685  48977,	668  49113,	628  54609,	633  54444,
1249  52307,	1031  52373,	976  58010,	1126  52352.5,	1255  52232.5,	1017  57892.5,
1124  57408.5,	1240  57174,	1147  57383,	1107  58160,	1066  63664,	1093  58599.5,	1071  63468.5,
1026  60837,	1317  55822,	1134  55885,	1104  56017,	1674  55774,
1135  58298.5,	1130  58316.5,	1056  64765.5,	1076  58991,	1010  65404,
1158  59870.5,	1144  60749.5,	1072  66581.5,	1105  66098.5,	1085  66268.5,	1084  66298.5,	1125  60969.5,	1057  66622,
550  23504.5,	489  27098,	521  26787.5,
468  24158,	502  21538.5,	539  21264,
557  18872,	454  19171.5,	453  21162,	619  18745,	445  21301,	442  21610,	478  18953.5,	433  21645.5,
427  22234,	486  19717.5,	469  21966,	459  22196.5,
459  22072.5,	447  22113.5,	413  22221,	469  19702.5,	473  19610,	498  19297.5,
588  23018.5,	590  20643,	635  20446,	703  20252.5,
667  22543,	805  22478,	621  25260.5,	643  25166,
662  26722.5,	701  23549,	687  23778,
685  22665.5,	617  25442.5,	737  22484.5,	639  22812.5,	601  25607.5,	676  22687.5,	705  22656,
650  24539.5,	636  24718,	682  21249,	668  21268.5,	639  24604.5,
935  25144,	948  24734.5,	913  27963.5,
934  25501.5,	1047  22887,	973  23209,
824  24127.5,	1038  21595,	977  23840,	1002  21809,	1134  21491.5,
853  24921.5,	923  22339.5,	898  24498.5,
918  23964,	940  21475.5,	854  24148.5,	925  21842,
690  50651.5,	611  57464.5,	597  57544.5,
624  45010.5,	621  45467.5,	620  50290,	553  50302.5,
679  44560.5,	559  49646,	595  49174.5,	652  49006.5,	711  43915.5,	611  49067,	608  49079,	654  44924.5,
548  47528,	624  42139,	620  42392,	534  47873,	533  48071,
621  41201,	535  46517,	590  41390.5,	587  42108.5,	494  46838,	546  46038.5,	520  46668.5,	517  46696.5,
795  54690.5,	831  47931.5,	830  54079,
912  48187.5,	820  54201.5,
829  57261,	1013  50465.5,	981  51065.5,	1008  50659,	877  57118,	918  51470.5,
865  44437.5,	879  44081.5,	876  44315.5,	814  49601.5,	793  49757.5,	806  49757,	787  50086,
909  48733,	868  49009.5,	983  48609,	837  54169,	813  54700.5,
1248  48984.5,	1176  55139,	1231  54975,
1356  62626,	1378  56332.5,	1287  63057.5,	1361  56414.5,	1311  62702,	1473  56224,
1358  55641.5,	1344  61014,	1350  56228.5,	1283  61591.5,	1319  61243,	1373  55253.5,	1342  61202,	1366  55288.5,
1330  52808.5,	1242  58682,	1336  52756,	1349  51890.5,	1266  57285.5,	1243  58265.5,
1413  59778.5,	1377  66485.5,	1641  59649,	1351  66612.5,	1399  60248,
601  70460.5,	646  62444,	700  62384.5,	581  70637,	633  62473,
627  78568.5,	636  78326,	615  78749,	718  70530.5,	743  69964,
656  80304.5,	684  79872,	718  79820.5,	2703  71571,	2719  71527,	723  71620.5,	631  80524,
749  78357,	663  87288,	659  87930,	801  77187.5,	711  86884.5,
693  61739.5,	592  69223.5,	736  61380,	645  61816,	639  61846,	630  68276,	732  61478,	547  69609.5,	600  69047.5,
1040  75969.5,	945  85560.5,	1022  76246.5,	950  85364.5,
1130  89578,	1173  88510.5,	1134  89256.5,	976  98435,
905  80557,	913  79977.5,	993  72537,	994  71684,
1094  72764.5,	1024  72972.5,	1020  73537.5,	916  82309,	975  80762.5,	919  81430,
1005  70692,	922  71031,	932  70989.5,	858  79136.5,
1413  86720,	1501  80170.5,	1522  78408.5,
1536  94006.5,	1474  94048.5,	1688  84346.5,	1571  84702,	1545  85476,
1602  79646.5,	1538  87696.5,	1566  80091.5,	1560  80765.5,	1558  82005,	1427  87838.5,	1410  88067.5,
1501  76131,	1716  76128,	1366  83023.5,
1444  85553,	1555  77165,	1498  77620.5,	1496  78351.5,	1421  86131.5,