352  2332.5,	350  2566.5,	348  4194,
460  3110.5,	446  3114,	439  5449.5,
502  3497,	510  3472.5,	500  6068.5,	499  6092,
390  2756.5,	400  2626.5,
376  2542.5,	388  2530.5,
543  3603.5,	572  3311.5,	560  3534.5,	566  3478.5,
534  2924,	523  5376.5,	525  3114,	524  3230,
527  3004.5,	523  3235.5,
460  2407,	457  2429,	445  2503.5,	452  2464.5,	443  4185.5,
539  3425,	551  3354,
807  4480.5,	796  7556,	814  4434.5,	825  4426.5,	798  4622,	791  7573.5,
677  3649.5,	675  5970,	700  3415,
711  3480,	715  3467,	708  6134,
673  3497,	696  3304.5,	654  3521.5,	680  3410,	645  5741.5,
700  3736,	717  3539.5,	718  3537.5,	719  3453.5,	725  3421.5,
517  5823.5,	512  5922.5,	518  5721.5,	511  10791,
481  5226.5,	475  9820,	476  5567.5,
620  6968,	600  7095.5,	591  12951.5,	614  7061,	615  7050.5,
524  5770,	520  5855.5,	509  10750,
497  5600.5,	511  5454,	488  10319.5,	494  5730.5,	486  10331.5,
678  12325,	677  12365,	679  6365.5,
711  6848.5,	718  6461,	705  12318,	707  7022.5,	694  12350.5,	709  6912,
646  5942.5,	615  5963.5,
662  6036.5,	660  11313,
733  6668.5,	731  6940,	719  6954.5,
1004  7886,	998  8633.5,	1000  8579.5,
963  7263,	941  7850.5,	958  7694.5,	940  13877,	960  7503.5,
937  7230,	914  7419.5,	936  7402.5,	910  12757,
921  7400.5,	933  7393.5,	954  6851,	948  7025,
800  5509,	799  10387,
563  8675,	568  8671,
540  8610,	546  8174.5,	536  16077,	541  8608.5,	537  16040,
534  8417,
657  10415.5,	648  10502,	642  19965.5,
604  9663,	611  9550.5,	598  9839.5,	600  9712.5,	602  9690.5,
672  8401.5,	666  15213,	681  8045.5,
764  9968,	759  19532.5,	762  19526,
779  9959.5,	775  18887.5,	783  9669.5,	771  18909.5,
810  11105,	809  11107,	799  20535.5,	817  10979.5,	825  10821,
794  10371,	799  10124.5,	785  19314,	788  10977,	784  19373,
1153  12749.5,	1152  12838,	1146  12982.5,	1154  12353.5,	1140  13168.5,	1138  23462,
1077  10345.5,	1048  10390,	1025  11145.5,	1020  19293.5,
973  9104,	969  10921,
1035  9030.5,	980  17620,	981  9460,
934  8866,	978  8423.5,	974  8741,
778  5362.5,	784  5296,	772  5377,	770  9361,	771  9341,
862  6144,	857  6180.5,	855  10497,	864  6013.5,
970  6772,	947  6801,
816  5662.5,	823  5615.5,	807  9851,
883  6168.5,
994  6353.5,	998  6194.5,	993  6363,	980  10596.5,
995  6005,	998  5990,	990  10424.5,	994  10395,	987  10442,
1183  7642.5,	1179  7728.5,	1168  13105,	1190  7486.5,	1177  7818,
1054  6963,	1119  6758.5,	1076  6772.5,
1015  6221.5,	1001  6259,	999  10740,	1028  6137,	995  10746,
1220  6803.5,	1242  6613.5,	1206  10964,
1275  6257.5,	1269  6460.5,	1216  6620.5,	1214  11041.5,	1240  6538.5,	1261  6504,
1174  6507,	1178  6477.5,	1192  6230.5,	1207  6129.5,	1154  10573.5,	1195  6191.5,
1260  6382,	1207  6750,	1203  10757,	1235  6474.5,	1229  6724,
1285  6473,	1243  6700,	1240  11112,	1248  6582,	1242  11032,
1031  12260,	1043  11708,	1029  22326.5,	1038  12216,	1042  11816,
1041  11743.5,	1011  11819,
856  17684.5,	858  9890.5,	850  17729,	862  9665.5,	861  9792.5,	872  9604,
953  10731.5,	939  10961,
982  21063,	990  11303,	987  11423.5,	985  11677.5,	979  21087,
1252  21631,	1257  11740,	1245  21829.5,	1246  21685,	1255  11931.5,
1397  13907,	1396  14389.5,	1384  14658,	1382  25993,
1307  12887.5,	1325  12744,	1293  23397,
1324  12941.5,	1316  13054,	1365  12788,	1331  12873.5,	1309  23655.5,
1333  13042,	1325  23936.5,	1326  13212,	1347  13023.5,	1318  24041.5,
1747  13003,
1680  13141.5,	1683  13032.5,	1695  12996,	1710  12987.5,
1750  14200.5,	1759  14027,	1815  13415,	1749  14654,
1824  13977,	1782  14076.5,	1779  25990.5,
1899  15806.5,	1877  16099.5,	1875  28196,	1951  15656.5,	1891  15846.5,	1887  16069,
1031  15902,	1029  16215,	1021  16472,	1020  30479,
1159  35528,	1164  35510.5,	1167  35423,	1170  18693.5,
1104  17267.5,	1098  17791,	1092  33177,
1171  18961,	1177  18899.5,	1159  19124,
1118  17472.5,	1108  17781.5,	1121  17359,	1110  17747.5,	1105  17977.5,	1099  33418,	1101  33242,	1113  17533,	1130  17356,
1472  20401,	1503  20049.5,	1530  19472,	1517  19716,	1501  20398.5,
1451  19560.5,	1432  35968,	1452  19095,	1441  35944.5,
1358  32611.5,	1368  17139,	1391  16897,	1360  17623.5,	1352  32636,
1329  17179.5,	1343  16547.5,	1322  17361.5,
1425  18391,	1406  18578,	1427  18281,	1400  34978.5,
2165  25476,	2162  45769,	2194  24138,	2188  24297,	2181  25197,
2225  25279.5,	2191  47342.5,	2195  47132,	2204  25297,	2230  24824.5,
2080  42435.5,	2114  21882.5,	2095  22452,	2093  23691,	2089  42388,	2090  42354,
2114  24137,	2110  24573,	2103  24894.5,	2095  44024,	2121  23235,
2081  23728,	2128  22954,	2106  23210.5,	2070  24466,	2071  24440,	2069  43548.5,	2139  22219.5,
1155  8209.5,	1144  14140,	1175  8081,	1170  8203,
1294  9192.5,	1278  9261.5,	1292  9259.5,	1268  15968.5,
1138  13948.5,	1142  8111.5,	1152  8019.5,
1217  8372,	1215  8589,	1214  14843,
1165  8306,	1158  14255,	1199  8105.5,	1171  8230.5,	1187  8220.5,
1454  8883.5,	1411  8941.5,
1563  10280.5,	1553  17712.5,	1588  10224,	1615  10213.5,
1425  9592,	1420  15792,	1430  9080,
1401  8858.5,	1393  15110,	1406  8713.5,
1475  9757.5,	1462  9888,	1461  16467,	1480  9382,
1759  9361.5,	1761  9352.5,	1738  9579.5,	1785  9063.5,	1686  9810.5,	1683  15394,
1910  10518,	1856  10986.5,	1872  10601.5,
1901  10320.5,	1881  10462,	1857  10780,	1850  17434.5,	1916  10229,	1874  10544.5,	1914  10267,
1709  9269,
1639  8875,	1654  8818,	1633  14718.5,	1637  14616,	1686  8726,	1689  8716,	1658  8789,	1621  14753.5,
1670  19520.5,	1660  19552.5,	1649  36036,	1680  19359,	1683  19341,
1674  19525,	1671  36426,	1666  36451.5,	1669  36435.5,	1673  36378.5,
1576  18496.5,	1599  18238.5,	1580  18338.5,	1600  18017,	1564  33784.5,
1640  18913,	1636  19263,	1629  35567,
1571  18302.5,	1553  18397.5,	1546  33641.5,	1561  18328.5,	1578  17998.5,	1567  18303.5,
1906  18247.5,	1899  18687.5,	1894  18886.5,	1877  34438,
1899  19691,	1893  34597.5,	1915  18460,	1913  18689,	1902  18915.5,	1906  18888.5,	1890  34715.5,	1897  34428.5,
1893  18652.5,	1879  34587,	1885  34550.5,	1891  19131.5,
1907  19195,	1875  19230,	1927  18792.5,	1938  18638,	1872  34657.5,
2044  20339.5,	2012  20367,	2077  20282.5,	2010  37667.5,
2578  20902,	2577  21072,	2558  21858.5,	2552  37849,	2593  20682.5,	2556  21983,
2773  24156.5,	2804  23379.5,
2605  21739,	2579  38794.5,	2634  21295,	2698  21231.5,
2562  20749,	2470  20897.5,	2519  20884.5,	2466  36813.5,	2523  20842,
2530  21070,	2529  37901,	2595  20524.5,
1439  23038.5,	1456  22785,	1432  42938.5,	1461  22695,	1466  22640,
1543  24935,	1532  46517,	1556  24715,
1658  26857.5,	1647  50885,	1679  26596,	1675  26827,
1595  25622,	1591  48824,	1594  26057.5,	1621  25503.5,
1582  25169.5,	1572  25822,	1591  25148.5,
2384  33887,	2410  33630,	2373  63627.5,
2322  31309,	2305  32462,	2289  60064.5,	2304  32487.5,	2293  32505.5,	2292  60048.5,
2242  30327,	2275  30218.5,	2231  30675.5,	2246  30251,	2222  30875.5,	2216  57465,
2279  31184,	2309  31114,	2266  32117.5,	2262  59095,
2145  28585,	2151  28025.5,	2131  29498.5,	2130  54042.5,
3058  34124.5,	3052  64236.5,
3023  32216.5,	2984  33101.5,	2968  33383,	3013  32796.5,	2953  59947,
3034  33328.5,	3020  35335,	3090  32963.5,	3017  62708.5,	3068  33103.5,
3127  35625,	3103  35731.5,	3065  36551,	3053  66369.5,
3055  33227.5,	3068  32467,	3050  33640.5,	3030  61976,
306  2285.5,	304  2429.5,	301  5436.5,	305  2286.5,	302  2502,
300  2271.5,	296  2399.5,	294  5274,
290  2274.5,	287  5212.5,
328  2522,	315  5786.5,	321  2575.5,	323  2563,
256  1913,
342  2382.5,	336  5337,	348  2382,
336  2253.5,	330  2260.5,	326  2414.5,
336  2257.5,	334  5011.5,	347  2191.5,	333  5030.5,	353  2178.5,
348  5307,	350  2459.5,	353  2439,	366  2241,
353  5395.5,	355  2476.5,	352  5402.5,	371  2322,
456  3054,	508  2638.5,	479  2687,	462  2858,	451  5856.5,
465  2801.5,	461  6033.5,	467  2696,	463  6012,
550  2934.5,	521  3191.5,	518  6868,	523  3190.5,
444  2613.5,	441  5540.5,
439  2733,	436  2888,	435  5616,
315  9516,	322  3939.5,	323  3910.5,	327  3703,
342  4222.5,	344  4175,	346  4017,	350  4015,
293  3333,
348  4380.5,
328  10194,	332  3951,
436  4236.5,	434  4783.5,	428  11064,
478  4875,	476  12812,	477  12792,
502  4815.5,	487  5175,	485  12572,
422  3935,	411  4066.5,	427  3850,	407  4277.5,
469  4581.5,	459  4781,
672  6851,	703  5755.5,	661  13905,	689  5839,
618  4471,	572  10792,	580  4529,
671  6461,	660  13985,	681  5939.5,	672  6073.5,	668  13909.5,
648  5448.5,	643  5548,	636  5588,
662  5380,	647  6229.5,
358  5565.5,	356  6073.5,
356  5544,	352  5714,
346  5540,
383  16879.5,	390  6517.5,
379  6161.5,	373  16502,
509  6730.5,	508  7014.5,	500  17722,	504  17716.5,	516  6588,	506  7066.5,	507  7025,
514  6523.5,	491  7160.5,	485  17470.5,	493  6693,
486  6054.5,	483  16653.5,
576  8185,	564  8485.5,	580  7674.5,
515  7004.5,	510  17996.5,
715  7589,	727  7550,	714  8241.5,	689  19414.5,	708  19283,
729  9088,	731  8775.5,	754  8242,	712  21922,	734  8659.5,	730  9014.5,
826  9743.5,	837  9602.5,	805  10281.5,	820  10281,
764  8837,	761  23369,	762  23243,
762  7760,	715  8354.5,	709  19717.5,	711  19616,	734  7934,	736  7787,
555  4340.5,	558  4317.5,	572  4258,	552  9960.5,	550  9969.5,
561  4386,
542  4134.5,	530  4223,	534  4195.5,	535  4168.5,	526  9395,
524  4257,	535  4113.5,
502  3854,	497  3960.5,	493  8921.5,	496  8899.5,
686  4780,	674  10902.5,	673  10903,	684  5010,	679  5193,	676  10895,	677  10886.5,
695  11098,	699  4929,	698  4997,	723  4797,	718  4884,
762  12598.5,	768  5576.5,	776  5387.5,
612  4407.5,
656  4719,	646  10417,	650  4778,	665  4706.5,	675  4617.5,
862  5380.5,	858  5720.5,	851  11691,
780  4831,	764  5162,	806  4816,
810  10898,	807  10922,	814  5064,	815  5058,	847  5049,
851  5501,	867  5332,	870  5166,
918  5828,	911  5960.5,	893  6019.5,	904  6011.5,	913  5916.5,	879  12475,	881  12453,
672  21020.5,	678  8443,	685  8348.5,	682  8367.5,	676  20989,	687  8190,	671  21069.5,
683  8499.5,	682  21689,
767  9651,
657  8336.5,	652  20607.5,	656  20605.5,	663  8002,	653  20606,
715  9202.5,	745  8974,	714  23257.5,
872  9749,	871  22614,	878  8658.5,
869  9480.5,	876  9400.5,	867  23311.5,	888  9058,
869  9361,	865  23101.5,	888  9084,	902  8833,
861  8913,	891  8737,	854  9310,	853  22700.5,
984  10882.5,	1014  10587.5,	990  10755.5,	992  10729.5,	983  26725.5,	997  10686.5,
1259  11515,	1258  11798,	1287  11262.5,	1234  11972,	1233  27942.5,
1265  11119,	1254  11261,	1230  11652,	1220  27443,	1270  10836,	1232  11568,	1227  27406,
1244  10976,	1297  10911.5,	1232  27213,
1312  11508.5,	1260  11640.5,	1252  28560.5,	1254  28473,	1256  12391.5,
1176  10386.5,
786  35964.5,	793  13549,	794  13366,	787  13570,
719  12082.5,	718  12159.5,	723  11935,	726  11875,	715  12631,	710  32207.5,	709  32255.5,
777  12625,	762  34748.5,	767  12903.5,	769  12630.5,	766  13616,
735  11969.5,
791  13346.5,	794  13318.5,	790  35642.5,	797  13314,	785  35675,
1046  15124,	1070  15105,	1037  15308.5,	1053  15116.5,
996  13594,	991  14822.5,	980  36640,
938  12885,
1042  14474.5,	1015  15622.5,	1012  38749.5,	1021  14903.5,	1029  14575.5,
1052  15408.5,	1046  40043,	1054  15349,	1073  15138.5,
1380  16172,	1405  16076.5,
1330  14433,
1462  16848,	1422  17603.5,	1461  16893,	1456  16979,
1497  18777,	1494  48338,	1597  18555.5,	1583  18701.5,
1456  17156.5,	1410  17771.5,	1449  17213,	1408  44226,
847  6892.5,	845  15478.5,	857  6696.5,	856  6873,
802  6386.5,	796  14457.5,	789  14474,	794  14472,	808  6234.5,	798  14451.5,
866  6963,	875  6913,
874  7070,	894  7055.5,
871  7072.5,	881  7007,	868  16045,	892  6906,
1163  8253,	1170  8198.5,	1140  8333,	1142  8258,	1124  18357.5,	1127  18355,	1130  18340.5,	1132  8358.5,
918  6667,	932  6656,	953  6634.5,	914  14889.5,
1022  7280.5,	1020  7437,	1016  7516,	1007  16656.5,
1004  7323,	1008  7320,	1033  7195.5,	1027  7221.5,
1085  8064,	1080  17668,	1086  7748,	1099  7639.5,	1081  8175.5,	1075  17677,
1256  7874.5,	1267  7611,	1239  8018,	1236  8282,	1234  16950.5,
1213  7737,	1210  7797.5,	1225  7711.5,	1205  16701,
1107  7183,	1095  7287.5,	1120  6595.5,	1119  7149.5,
1183  8217.5,	1226  7771,
1255  7825.5,	1233  8194.5,	1209  16992.5,	1244  8018,	1253  7996.5,
978  12183.5,	972  31473,
1103  14076,	1107  13963.5,	1085  35417.5,	1117  13885.5,
1004  32120.5,	1008  12585,	1005  32073.5,
1007  32452,	1011  12971,	1009  32210,	1014  12892.5,	1019  12797,	1023  12513.5,
971  30597.5,	976  12183,	989  12055.5,	1007  11982,
1346  14731,	1333  36385,	1342  14798,	1354  14515,	1359  14377.5,
1250  13692.5,	1253  13653.5,	1258  13540,	1263  12645,	1247  14156.5,	1246  33682.5,
1292  13514,
1227  12566.5,	1223  13777.5,	1222  32640,
1305  14062,	1271  34467.5,	1312  13986,	1299  14124.5,	1280  14254.5,
1689  14536.5,	1675  14573.5,	1660  35655,
1701  15312,	1690  37395,
1796  15851,	1769  16272.5,
1707  15353.5,	1691  36317.5,	1693  15907.5,	1727  14915,	1687  36328.5,
1782  16103,	1752  16389,	1799  15857,	1724  16553,	1759  16242.5,	1717  39519,
1107  18671.5,	1118  18505.5,
1215  20643.5,	1211  20885.5,	1200  21758.5,	1196  55520.5,
1063  17680,	1055  17707,	1073  17409.5,	1048  46993,
1043  17353,	1026  45728,	1028  17483.5,	1032  17424,	1034  17375.5,	1023  45917.5,	1054  16926,
1114  18999.5,	1113  19152.5,	1101  50534,	1119  18904.5,	1129  18704.5,	1106  50396.5,
1443  21722,	1451  21499,	1446  21511.5,	1433  55349.5,	1456  21158.5,	1459  20635,
1408  19367,	1401  20000.5,	1396  52005,	1400  20823,
1430  21031,	1468  20536.5,	1447  20872.5,	1461  20826.5,
1476  21659.5,	1480  21529,	1488  21162,
1403  20910,	1410  20400,	1400  52803.5,	1439  19828.5,	1416  20073.5,
1974  22318.5,	1969  60386,
1939  22443,	1933  57913.5,
1998  24143,	1987  61195.5,	2012  23436.5,	2013  23421.5,	2028  23332,	2032  23327,
1999  24109,	1993  61392,	2014  23537.5,	2010  23705,
1925  21380,	1886  21991,	1879  55317,
254  2180,	252  2294.5,	251  6001,
228  1894.5,	224  5178.5,	223  5193.5,
233  2026.5,	232  2102,	230  5488,	231  5482,
225  1951,	224  5283,
182  1586,	185  1505.5,	177  3991.5,	179  1636.5,
229  1526,
271  2269.5,	270  5293,	277  1996,	272  2059.5,
280  2232.5,	278  5746,	279  2366,
278  2217,	279  2042.5,	277  5266,
318  6663.5,	319  6627.5,	320  2423.5,	315  6670.5,
396  2562,	378  6543.5,	385  2697.5,	397  2535,	400  2527,
374  2582.5,	364  2600.5,	382  2444,	363  6210,
348  2451,	325  5484,	352  1989,
369  2764.5,	409  2669.5,	365  2799.5,	380  2686.5,	410  2612.5,	361  6285,
339  1955.5,	327  2113.5,	325  5142.5,
264  3274,	260  3660,	258  10251,
343  4554,	334  14143.5,	340  4573.5,	351  4527.5,
320  4253,	317  4363.5,	310  4364,	307  13292,
279  3562.5,	274  11159,	275  11105.5,
231  2858,	234  2850,	240  2769.5,
348  4341,	355  4248,	359  3754.5,
368  4161,
303  3432.5,	312  3161,	308  3341.5,	299  9578,	301  9534,
390  4451.5,	389  12953.5,	418  4209,	410  4403.5,
357  3777,	342  3864,	331  11572,
535  5121.5,	530  6016.5,	532  6014.5,	523  15599.5,
508  4376.5,	476  12963.5,	482  4649.5,	496  4388,	481  12934.5,
516  5026.5,	509  5102,	523  4868.5,	529  4598,	530  4596,
520  4683,	543  4662,	499  4936.5,	494  12639.5,	517  4774,	545  4641,
542  5100,
324  5393.5,	306  5404.5,
239  3982,	235  13033,	260  3753.5,	240  3927.5,	237  12911.5,
318  18208.5,	319  5613.5,	322  5567,	316  18258.5,	317  18251,
312  5310,	311  5631.5,	306  17865,	310  17772.5,
295  4877.5,	289  16903,
437  6718,
399  4670.5,	362  4745.5,	355  15887.5,
420  6074.5,	412  6155,	424  6066,
430  6391,	425  21191,
362  4924,	361  16035,
613  24315.5,	640  7413,	615  7757.5,
632  8789,	628  9234.5,	665  8759,
622  7321.5,	585  7556,	599  7492,	583  22105,	597  7520,
611  7248.5,
559  20888.5,	567  5831,	565  20475,	558  20961,
471  11502.5,	478  4352.5,	498  4185,	472  11423.5,	476  4418,	482  4258,
400  3644,
446  4116,	461  4004.5,	463  4002.5,	448  4098,	452  4085,
419  3673,	414  3711,
459  3998.5,	457  11071.5,
469  4033.5,	474  4008.5,	467  9922,	477  3802.5,
590  4968,	600  4917.5,
526  4385,	529  4357,
539  4191.5,	536  11740.5,
537  4079,	500  4262.5,	517  4092.5,	497  10647,	502  4104,
577  4114.5,	589  4074.5,
669  4615,	659  4956,	657  11195,	671  4449.5,	678  4437.5,
629  4497,	617  10272,	619  10254,	631  4049,	625  4534.5,
674  4317,	648  4875.5,	659  4510,	650  4859.5,	644  11171,	643  11199,	649  4862.5,	656  4717,	657  4715,
673  4772.5,
381  4972,	392  4744,	385  4745.5,
479  6245,	470  6417,	471  6312,	485  6157,	493  5897,
476  6093,	462  6255,	461  19325,
577  7646,	573  24155,
515  21313,	516  6751.5,
748  8470,	729  8566.5,	720  8585.5,
676  7822.5,	722  7626.5,
663  7962,	672  7807.5,	698  7634,	686  7654,	661  23166,
630  6902.5,	623  7323,	622  21374.5,
660  7379.5,	642  7716.5,
978  9877,	982  9857,	963  10505.5,	973  10397.5,	953  29392,
925  9595,
981  9155,	961  9921,
904  9227.5,	896  26881,	944  9072.5,
930  9221.5,	926  9454.5,	924  27196,
538  31711,	542  31669,	553  9140.5,	543  9359.5,
591  10262.5,	580  34788.5,
628  11250.5,	641  10981.5,	612  11550.5,	622  11427.5,	610  37188,	623  11408,
551  9381.5,	550  10521,	546  32125,
574  9710,	559  9913,	556  32714.5,	558  32684.5,	564  9819,
743  10470.5,	735  10739.5,
750  10723,	731  10936,	735  10932.5,	708  11125,	724  11082,
775  11119,	747  11447,	752  11308.5,
720  10607.5,	717  35431.5,
762  11360.5,	748  37656,
1038  12833.5,	1067  12647,	1035  13226.5,	1034  39773.5,
1102  14206.5,	1095  14248.5,	1074  14469,	1076  14463,	1068  43838,	1070  43742,	1116  14131,
1076  13461.5,	1100  13064,	1075  42685.5,
1128  14245,	1093  15037,	1112  14591,
1119  14840,	1120  13122.5,	1109  15405.5,	1102  45825.5,
742  6448.5,	717  6501,	719  6497,	704  17575,	706  17571,	708  17566.5,	710  6593.5,	709  17546.5,
659  6038.5,	663  5975,	655  15947.5,	666  5949,	681  5915.5,	676  5945,
592  5203.5,	588  5315.5,	595  5172.5,
618  5624.5,	615  14716,	620  5394,
610  5264.5,	599  5499,
716  5909.5,	729  5810,	711  15244.5,	735  5796,
767  16712.5,	776  6194,	770  6237.5,
813  6721,	799  6780.5,	825  6645.5,	833  6525,	795  17546.5,
787  6348.5,	776  16805.5,	786  16788.5,
763  6144,	738  15988,	740  6231.5,	749  6144.5,	764  6103.5,	739  15976,
997  7230,	984  18608.5,	996  18569,
930  6993.5,	953  6700,	928  16947,	929  16923,	945  6717,	962  6691.5,	936  6844.5,
897  6443.5,	889  15996,	891  15974,	922  6431,	931  6408.5,	935  5949.5,
884  7031.5,	895  6723,	896  6548.5,	914  6535.5,
858  6733.5,	851  15693.5,	856  15663.5,	884  6432,	902  6157.5,
910  12330,	907  12368.5,	902  12390,	920  12281,	929  12043,
792  11045,	810  10869,	791  34101,	805  10953,	815  10567.5,
797  10540.5,	789  10709,	787  11070.5,	786  33462,
791  10351.5,	782  10390,	779  10416,	777  32441.5,
742  10190,	750  9859.5,	741  31251,
1025  11893.5,	1017  12347,	1008  36884,	1012  36699,
1040  12458,	1042  12374.5,	1035  36989,	1048  11942,	1047  12165,
1042  12649.5,	1039  12734.5,	1036  38590.5,	1056  12592,
972  11026.5,	968  11768,	953  33643.5,	969  11696.5,
1030  12570,	1028  12891,	1021  37125.5,	1052  11874,	1040  12364,	1045  12187.5,
1289  12720.5,	1287  37302,
1392  42996.5,	1399  14123,
1393  13513,	1392  14505,	1381  41799,
1362  14856.5,	1355  40261.5,	1365  13898.5,	1358  39648.5,	1363  13929,	1357  39723.5,
1474  14472.5,	1465  45023,	1466  44987,	1471  15941,	1467  16037,	1452  45333,	1463  45165,
805  14501,	812  14265,	807  14448,	816  14157,
868  53123.5,	887  15630.5,	883  16130,
903  16556.5,	909  16252.5,	912  16072.5,	893  54482.5,
956  17397.5,	953  59250.5,
804  13653,	797  46843,	802  14404,
1165  17490,	1128  18142,	1146  18053,	1149  18046.5,	1125  57955,	1160  17860,
1294  20531.5,	1290  21172.5,	1279  21252,	1277  67765,
1093  16158.5,
1132  16643,	1123  16789.5,
1102  16108.5,	1097  16314.5,	1079  16533.5,	1088  16501.5,	1076  54355,
1499  19525,	1525  18770,
1578  21390.5,	1574  64991.5,	1635  21089,	1669  21083,	1599  21325.5,	1615  21108,	1602  21311.5,
1564  19483,	1553  20024,	1535  20536,	1544  20485.5,
1489  17918,	1488  18860,	1481  20095,	1478  58265.5,	1480  58163.5,
1491  18995,	1489  59145.5,	1511  18461,	1537  18387.5,	1490  58918.5,