371  4280.5,	379  4279,
480  5548.5,	579  5525,	479  5609.5,
511  6139,	743  6119,
404  4671.5,
389  4481,
683  6076.5,	584  6085,
799  5411,	561  5478.5,	557  5513,
522  5483,	555  5482.5,	821  5471,
453  4283.5,	723  4275,
570  6063,	566  6078.5,	707  5997,	573  6060.5,
838  7706,	1112  7593.5,
689  6050,	880  6014,
732  6247,	1136  6190,
708  5810.5,	660  5818,
761  5883.5,	733  5947,
544  10894.5,	526  10943.5,
491  9934.5,	490  9960.5,
618  13143.5,	661  13123,	912  13100.5,
525  10898,
507  10483.5,	516  10448.5,
695  12409,
729  12604.5,	1139  12429.5,	746  12602,	767  12600,
660  11135.5,	1085  11044.5,	652  11186.5,	670  11129.5,
681  11449.5,
740  12846,	765  12765,	746  12826.5,
1025  14951,	1047  14920.5,	1363  14880.5,
975  14304,
1014  12845.5,	956  12976.5,	976  12975.5,
990  12828.5,	956  12894,
853  10470.5,	820  10519,	860  10457,	875  10452,
574  16782,	581  16737,	575  16766,
550  16235,	642  16192.5,	555  16216.5,
557  16197,	546  16226.5,
707  20175,	671  20245.5,	678  20198.5,
610  18445,
693  15224,	691  15225,	680  15278,
1172  19763,	832  19791,	805  19861,	790  19951,	804  19918.5,	799  19943.5,	810  19851.5,	801  19940.5,
811  19042.5,	798  19111.5,	1405  19030,	795  19126.5,	1186  19036.5,
810  20782,	822  20763.5,
810  19575.5,	817  19477.5,	808  19722.5,
2007  23874,	1171  23886,	1196  23883.5,
1060  19635,	1300  19414.5,	1059  19682.5,	1473  19385.5,	1466  19396,	1078  19517,
988  18273,	1063  18195.5,	1018  18247,	1266  18062,	1046  18230,
1016  17911,	1010  17972.5,	1008  18097.5,
1573  16549,	963  16593,	957  16642.5,
799  9469,	1017  9448,
898  10645,	895  10686,	1071  10567,
986  11963.5,	1425  11937.5,
861  9960,	845  9999,
917  11068,	1286  11058,
1368  10703.5,	1035  10807,	1032  10815,
1019  10533,	1032  10525,
1198  13214,
1118  12007,	1529  11975,	1111  12023.5,
1032  10859.5,
1581  11130,	1246  11175.5,
1269  11191.5,
1306  10692,	1214  10741.5,	1223  10741,
1245  10927,
1769  11188,	1305  11252.5,	1316  11222.5,
1067  22611,	1744  22500,	1071  22601.5,	1076  22594.5,
1045  22061.5,	1399  22042.5,
887  17804.5,	880  17832.5,	865  17852.5,
1043  20184,	969  20304.5,
1011  21283.5,	1257  21177,
1973  21924.5,	1286  21950.5,
1434  26352.5,	1495  26124,
1361  23926.5,	1622  23845,
1383  24104,	1379  24171,	1891  23806.5,	1396  24103.5,	1367  24195.5,	1404  24094,
1411  24182.5,	1358  24249.5,
1803  24949,	1806  24848.5,
1733  23723.5,	1701  23920.5,	1732  23879,
2584  25417,	1827  25452,	1820  25644,
2741  26177,	1832  26441.5,
1959  28750.5,	2353  28536.5,	1969  28688.5,
1030  30597.5,
1173  35719.5,
1121  33627,	1130  33545,
1982  36413,	1199  36540,	1191  36548.5,
1114  33585.5,	1132  33537.5,	1125  33579,
1520  38367,	2159  38172,
1480  36576,	2368  36111,
1396  33175,	1769  32832.5,
1374  32838.5,	1365  32908,	1380  32829.5,	1775  32617.5,
1905  35413,	1458  35464.5,	1459  35433.5,	1451  35470.5,
2190  46111,
2664  47417,	2232  47701.5,
2161  43339,	2155  43399,	3927  42853,	2168  43230.5,
2157  44816,	3268  44540,	2154  44858,
2111  44009.5,	2114  44003.5,	2236  43752.5,
1755  14207,	1194  14313.5,
1310  16136,	1312  16133,
1172  14108,	1357  14071,
1253  15074,	1760  14983.5,
1189  14412.5,
1476  15803,	2181  15621,
1628  17991,	2132  17879.5,
1486  16030,	1877  15989,
1452  15313.5,	2358  15201,
1531  16757,	2392  16604.5,
2992  15709,	1756  15727,
1946  18574.5,	2052  18336.5,	1988  18556,
3040  17618,	1934  17655.5,	1921  17796,	1926  17728.5,
1774  15999,	2765  15897.5,
1682  14812.5,
1687  36360.5,	2473  36306.5,
1718  36864.5,	1870  36561.5,	1719  36857.5,
1611  34152.5,	1859  33983,	1600  34183.5,
2417  35605.5,	1667  35836.5,
1571  33906,
2049  34552,	1915  34692.5,
1929  34922,
1928  34937.5,	2726  34757.5,
1949  35274,	2271  34921,
2044  38152.5,	2528  38019.5,
2655  38692.5,	2676  38679,	4249  37996,
2891  43209,	3553  42775,	2860  43291,
2688  39561.5,	2935  39023,
2736  37187.5,	2586  37402.5,	2542  37424.5,
2596  37979,	2594  38477,
1453  43306.5,	1456  43203,	1972  43155.5,
1599  46979,	1562  47217.5,	1567  47035.5,
1665  51128.5,	2203  51120,
1624  49135,	1965  49063,
1603  48502.5,	2068  48263,	1602  48513,	1606  48439,
3995  64447.5,	2488  64909.5,	2457  64997,	2444  65065,
2365  60592,	3203  60507.5,	2337  60637,
2293  58748.5,	3428  58491.5,	2327  58601,	2300  58739.5,	2316  58733.5,
2318  59793.5,	3735  59491.5,
2173  54672.5,	2237  54400,
3760  64672,	3156  65264.5,
3065  61129.5,	5006  61003,
3083  63334.5,
3456  66552,	3119  67119.5,
3156  62938.5,	3347  62687.5,	3101  63248.5,	3103  63236.5,	3140  63097,	3127  63138.5,	3138  63107,
307  5457,
442  5296,	310  5345,	385  5301.5,
361  5244,	311  5295,
338  5882,	334  5911.5,	405  5841.5,
429  4563.5,	267  4594.5,
464  5368,	355  5439.5,	368  5398,
329  4904,
346  5095.5,	490  5021.5,
369  5376,	374  5367.5,
525  5422.5,	385  5478.5,	373  5489,
489  6077,	511  5968.5,	509  6058.5,
513  6153.5,	765  6084.5,	527  6125.5,	503  6170.5,	487  6178,
529  7004,	623  6972.5,	717  6972,
681  5593,	499  5730.5,	494  5754,	492  5760.5,	507  5727.5,	514  5705.5,	490  5786,
468  5689,
349  9653.5,	325  9699,	348  9658.5,	335  9697.5,	324  9723.5,
352  10398,
303  8818.5,	614  8755.5,	323  8758,	321  8779,	304  8802.5,
390  11086,	370  11093.5,	368  11105,
348  10339.5,	372  10226,	361  10332.5,	345  10384,
464  11289.5,	472  11285.5,	583  11171,	463  11355.5,
509  13011.5,	497  13059.5,	542  12948,
514  12803,	687  12707.5,	511  12887,	518  12757.5,
421  9855.5,	435  9833,
714  11989.5,	532  12188.5,	490  12221.5,	479  12277.5,
721  13909,	702  14183.5,	709  14052.5,
588  10982,	681  10967.5,
696  14254.5,	1380  14077.5,	690  14305.5,
690  13289,	1221  13134.5,	677  13357.5,	670  13397,	701  13266.5,	679  13313,
649  14011,	1014  13845,
371  15618,	373  15595,
671  14980.5,	361  15111.5,	384  15083,
355  14890.5,	583  14815.5,
405  17073,	403  17172.5,	802  17029,	417  17068.5,	422  17068,	424  17059,
393  16796,	453  16599,	394  16719.5,	405  16695.5,
526  18001,	516  18078,	558  17892,
573  17740,	515  17874,	527  17772.5,
514  17058,	512  17194,	521  17002.5,	690  16780,	524  16997,	518  17043.5,	513  17150.5,
608  21490,	580  21576,	768  21465,
814  18033.5,	526  18147,
1102  19406,	719  19767,
747  22226.5,	745  22384,	742  22443.5,	908  22113.5,
1270  25694,	820  25757,
874  23431,	769  23544.5,
802  19828.5,	736  19947.5,	729  19989.5,
561  10029.5,	761  10029,
588  10307,	977  10261.5,
667  9503,	552  9539.5,
561  9657,	759  9568,
522  9023,	573  8948.5,
699  11002.5,	973  10986.5,
725  11193.5,	722  11206,	875  11142.5,
810  12772.5,	1145  12636.5,
685  9835.5,	872  9795,	650  9839.5,
703  10600,	1148  10506,
889  11878,	1455  11866.5,
1112  10335.5,	837  10373.5,	817  10426.5,
976  10892.5,	845  11094,
898  11265,	906  11200.5,	926  11152.5,
977  12546,	919  12729,	941  12657.5,
683  21287,	1296  21153.5,	694  21233,
709  21973,	962  21820.5,
803  25092.5,	1050  25003,	801  25124.5,
674  20838,	1144  20702.5,
896  23325,	751  23619.5,
1451  22700,	908  22929.5,
904  23563.5,	1995  23381,
912  23545,	1193  23320,
886  22780.5,	865  22898.5,
1016  27218.5,	1186  27056,	1022  27086,
1670  28160,	1269  28240,
2276  27669.5,	1299  28057.5,	1279  28111,
1317  27923,	1881  27300.5,	1300  27934,
1323  29011,	2909  28879,	1315  29171,
1221  25287.5,	1853  24942,
803  36234.5,	843  36097,
738  32562.5,	757  32524,	1049  32318,	726  32623.5,	753  32529,
774  34922.5,
757  32969.5,	756  33087,	762  32893,
801  35855,	1122  35812.5,
1827  39750,	1064  40118,
1027  37242.5,	1015  37515,	1134  37154.5,
1601  34578,	980  34705,	976  34880,
1036  39340,	1050  39293,	1468  38925.5,
1078  40627.5,	1257  40390.5,	1076  40737,
1477  41275.5,	1415  41949.5,
2923  38576,	1393  38865,	1381  39320.5,
3520  43798.5,	1472  43884.5,
1629  49424,	1587  49763.5,	2564  49111,	1602  49742,	1609  49718,	1599  49747.5,	1582  49911.5,
1580  44446.5,	1479  44469,	1477  45150.5,
873  15636.5,	1371  15550.5,
822  14645.5,	1325  14534.5,
1312  16105,	905  16238.5,
901  16394,
902  16191,	1068  16105.5,
1180  18701,	1312  18496.5,
1408  14924.5,	963  15122,
1640  16829.5,	1063  16945.5,	1061  16999,
1255  16344.5,	1048  16458,
1141  18018.5,	1860  17808.5,
1279  17198.5,	1923  17078,	1273  17213,
1572  16845,	1286  17059.5,
1567  14900,	1172  14936.5,	1143  14951,
1684  16937.5,	1274  17043,
1272  17314,	2138  17177.5,	1289  17254.5,
1004  31734,	2048  31647.5,
1128  35821.5,	1609  35653.5,
1337  32280.5,	1033  32471.5,
1036  32861.5,	1784  32539,	1069  32806.5,
995  31075,	1435  30824.5,
1377  36966,	1428  36801,	1364  37106,
1302  34422.5,	1801  33831.5,	1321  34404.5,	1326  34364,
1330  35254.5,	1517  34836.5,
1936  32668,	1288  33312,	1291  33066.5,
1875  34729.5,	1340  35316,	1345  35192,
3094  36038.5,	1735  36565.5,	1749  36488,
1807  38271.5,	2856  37540,	1832  38235,
2860  40108,	1870  40749.5,
1710  36810.5,	2045  36423.5,
1857  39763,	1788  39973.5,	1799  39970.5,
1121  50212,	1806  50032,
1220  56064,	1250  55686.5,
1647  47180,	1074  47223,	1059  47261.5,
1058  46097,	1047  46230,	1044  46249.5,	1225  45973.5,	1057  46174.5,
1127  50810,	1805  50695,
1539  56274,	2171  55743.5,	1492  56366,	1491  56396,
2080  52447,	1435  52988.5,
2132  54848.5,	1455  55212.5,
1529  57368,	1968  56673.5,	1540  57350,	1548  57222.5,
1687  53067.5,	1441  53712,	1447  53623.5,
2042  61474,	2930  60890.5,
2025  58202.5,	2225  58039,
2551  61328,	2083  62203.5,	2081  62281,	2065  62316,
2085  62483.5,	2083  62881,	4469  61908.5,
1973  56456,	3620  55535,	1957  56744.5,
271  6151.5,	282  6130.5,	285  6126,	278  6143,	459  6044,
237  5229,	247  5222,
241  5544,	382  5515,
237  5303,
222  4006.5,	191  4048,	189  4074.5,	190  4061.5,
284  4199.5,	273  4252.5,	246  4264,	258  4263.5,
295  5356,	287  5395,	342  5336,
462  5758,	290  5816,
299  5378,	374  5291,	330  5365,
359  6862.5,	450  6690.5,	360  6817.5,	349  6918,	358  6891.5,
403  6751.5,	577  6712.5,	408  6744.5,
377  6261,	462  6250,
469  5530.5,	354  5577.5,	356  5569.5,
414  6285,	401  6376.5,	395  6495,
354  5203.5,	329  5312,	478  5162,	352  5211.5,
360  10459,	353  10475.5,	267  10478,
449  14307.5,	353  14372,
608  13395.5,	328  13456,
288  11285.5,	436  11203.5,
409  8981.5,	236  9027.5,
360  11809.5,	443  11615.5,	371  11774.5,	372  11766.5,
395  13046,
494  9523,	315  9755.5,
408  13396.5,	414  13287,	444  13108.5,	413  13343.5,
369  11890,	427  11806,
662  15620,	554  15763.5,
493  13337.5,	642  12978,	503  13230,	538  13224,
578  13578,	529  13612,	706  13294,	518  13841,
500  12845.5,	1099  12680,	502  12759,	498  12847,
771  14749.5,	558  14993.5,
335  17779,	322  17850,	319  17867,	481  17671,	330  17849,
245  13123,	576  13089.5,
322  18381,
483  17964,	335  18035,	326  18066.5,
338  17231.5,	343  17221.5,	313  17263,	317  17232.5,	430  17040,
485  22732.5,	480  22862.5,	469  23018,	752  22627.5,
365  16033.5,
548  19662.5,	425  19866.5,
556  21323.5,	451  21360.5,	443  21496,
366  16313,	375  16267,
634  24824.5,	845  24256,
666  26778.5,	965  26500.5,	699  26764,	651  26791.5,	646  26831.5,	700  26738,
603  22612.5,	820  22154,	639  22475.5,
654  23962.5,	643  24088,	631  24138,	999  23533.5,	622  24484,
580  21128,	589  21109.5,	578  21183.5,	588  21125,	595  21071.5,	680  20672,	628  20938.5,	572  21320.5,
499  11687.5,	594  11542,
425  9911,	600  9880,
469  11013,	570  10950,
427  10121.5,	614  10082.5,
474  11171.5,	640  11118.5,
504  10186,	502  10202,	697  10056,
615  13259.5,	1015  13071.5,	612  13263.5,
540  11586.5,	800  11521.5,
564  11872.5,	766  11756.5,
540  10989.5,	989  10769,	548  10949.5,
634  9762,	788  9749,	604  9772.5,
795  11346.5,	705  11349.5,	702  11525.5,
1164  10268,	689  10503,	670  10592,
669  11347,	820  11224,
1020  12228,	796  12627.5,	753  12630,
391  15097,	408  15072,	563  14975.5,	406  15089.5,
494  19564,	713  19396.5,	487  19575,	497  19526,
480  19580,	905  19452,
601  24594.5,	1031  24297.5,	597  24698,
532  21633,	871  21353,
763  26477.5,	750  26585.5,	989  26200,
708  23956.5,	1000  23529,	722  23902,
695  23438,	1297  23242,	687  23613,
668  21904,	672  21882.5,	685  21832,	661  21976.5,	962  21439.5,	666  21969,
693  22918.5,	694  22915,	924  22481,	726  22811.5,	701  22872.5,	700  22892.5,
2080  29656.5,	1039  30101.5,
2106  28940.5,	1023  29451.5,
1024  28774.5,	1041  28774,	1796  28231,	1044  28672.5,
978  27610,	1731  27175.5,	958  27685.5,	984  27503.5,
987  28168,	1466  27297.5,
561  32000,	743  31809.5,	563  31950.5,	577  31933,	558  32143,	560  32037.5,
596  35074.5,
623  37545.5,	751  37520.5,
732  32365,	575  32592,	560  32655.5,	564  32647.5,	565  32610.5,
580  33004,	578  33069,	679  32782.5,
757  35703.5,	760  35651,	768  35607,	774  35601.5,	854  35076.5,
918  34656.5,	747  35277,	764  35009,	763  35218.5,
790  37169.5,	1036  36659,	806  37112,	775  37244,
775  36191.5,	761  36389,	1122  35540.5,	764  36306.5,
1132  37861.5,	797  38217.5,	803  38190.5,
1483  40152,	1059  40315,
1447  43967,	1124  45147,	1139  44774,
1858  42369,	1105  42991,
1826  45565,	1190  45927.5,	1150  46100.5,
1472  46404.5,	1146  46867,	1161  46861,
725  17746.5,	1049  17683,
679  16184,	1133  16106,
762  14174,	618  14278,
822  14799.5,	636  14901.5,
819  14660.5,	623  14778,
737  15547,	1042  15364.5,	1039  15370,
789  16888,	1080  16768.5,
1348  17584.5,	825  17765,
1065  16869.5,	817  17095.5,
1349  16119.5,	758  16165,
1053  19079,	1572  18712.5,
1408  16964.5,	974  17177,
943  16449,	1676  16105.5,	969  16447,
947  16832,	935  16905.5,	1300  16503,
1288  15825,	940  16131.5,	965  16120,	927  16134,
1612  39017,	920  39227,
1139  34301,	820  34601,
813  33937.5,	1138  33570,
792  32822,	1085  32647,
770  31731.5,	1072  31468.5,
1141  36948.5,	1047  37381,
1491  37441.5,	1081  37922,	1114  37907.5,
1105  39401,	1246  38883,
1683  33811.5,	1017  34359,	1007  34470,
1065  37917.5,	1551  37352,
1361  38518,	1377  38494.5,	2502  37562,	1393  38418,
3218  43111,	1462  43828.5,	1475  43792,
2490  41943,	1478  42941,	1455  43091,
1433  41379.5,	1922  39790,	1444  41109.5,	1443  41136,	1502  41036.5,	1451  41098.5,	1479  41086,
1517  46249,	2770  45403,	1529  46144,
814  48303,	1387  47930,	838  48154.5,	815  48197,
899  53807.5,	1206  53224,	896  53971.5,
911  54827,	1133  54649.5,
982  59820.5,	1497  59366,	1001  59805.5,
818  47359,	814  47383.5,	1179  46957,
1350  58459,	1242  59219.5,	1185  59417,	1193  59303.5,
1308  68931.5,	2274  68187.5,	1309  68868.5,
1123  55886.5,	1279  55211.5,
1169  56957.5,	1575  56176.5,	1183  56755.5,
1138  55374.5,	1552  54667.5,	1129  55685,	1127  55697,
1571  61468,	2359  60679.5,
2754  65275,	1647  66575.5,	1651  66550.5,	1666  66465,	1688  66429,	1642  66712,
1588  62549.5,	1580  62715,	2842  60835,	1611  62100,	1593  62208,
1517  59250,	2507  58668,
2638  59442.5,	1531  60556,	1569  60501.5,