369  4198.5,	391  4196,	353  4202.5,	395  4190,
443  5446.5,	456  5439.5,	441  5459.5,
494  6065.5,	501  6020.5,	497  6059.5,	495  6062.5,
391  4624.5,	399  4601.5,	390  4628,	392  4616,	397  4612,
378  4431,	384  4418.5,
556  5917,	553  5939,	552  5999,
519  5353,	549  5343.5,
558  5398,	557  5402,	517  5427.5,	555  5420,	547  5425.5,	527  5426,
443  4211,	432  4220.5,	469  4206.5,	466  4210.5,
545  5916,	543  5932.5,	542  5940.5,	565  5898.5,
789  7542.5,	797  7482.5,	1058  7477.5,	794  7518,	1055  7481.5,
631  5833.5,
1095  6080,	704  6163.5,	710  6099,	727  6089,
669  5757,	658  5759.5,	673  5704,	647  5773,	654  5769,	665  5758.5,
747  5741.5,	746  5745.5,	697  5762,
506  10782.5,	504  10794.5,	529  10718,
470  9801.5,	494  9771,	481  9788,	475  9794.5,	508  9757,	478  9793,	485  9785.5,
849  12834.5,	611  12837,	588  12905,
538  10754.5,	518  10794,	512  10802,	528  10790.5,	535  10786,
506  10280.5,	484  10315.5,	511  10231,	501  10285.5,	496  10287.5,
680  12258,	687  12219.5,	672  12328.5,
685  12319.5,	688  12264.5,	706  12195.5,
646  10942,	735  10841.5,	630  10952,	651  10932,	664  10916,
676  11317.5,	680  11297.5,	664  11324.5,	688  11282.5,	698  11271.5,
705  12568,	725  12521,	729  12505.5,	718  12530,
1008  14420,	967  14600,
941  14025,	969  13917,
919  12694.5,	952  12685.5,	962  12668,	1011  12648,	956  12683,	1161  12630.5,
912  12610.5,	909  12634.5,
814  10261,	797  10279,	789  10299,	849  10187.5,	847  10203.5,
552  16582,	558  16564,	571  16561.5,	595  16561,
626  15976.5,	541  15983,	616  15982.5,	536  16015,
525  15981,
656  19914,	653  19953,	649  20007,
611  18240.5,	635  18222,	609  18276.5,	596  18309,	598  18293.5,
714  14937,	664  14982.5,	663  14988.5,	673  14976.5,
758  19440,	821  19406,	820  19427,	1112  19343,
821  18755.5,	753  18756.5,	1353  18694,
820  20316.5,	800  20475.5,	802  20469.5,	793  20509,	815  20468,
802  19070,	786  19142.5,	777  19183.5,
1174  23330,	1170  23390,	1145  23474,
1031  19271.5,	1439  19187.5,	1028  19393,	1033  19223,
966  18021,	1053  17918,	1049  17958,	1039  17987.5,	982  17996,
1062  17379,	1061  17403,	974  17502.5,
931  16360.5,	966  16244,	928  16372.5,
765  9333,	798  9328.5,	764  9348,
846  10474,	854  10434,	853  10466,
949  11819,	963  11804.5,
830  9813,	823  9845.5,	813  9853,	808  9879,
886  10929,	881  10947,	905  10925.5,
1017  10618,	999  10621.5,	980  10628.5,	978  10632.5,	1028  10573,
986  10359,	976  10370,
1155  13047.5,	1183  13037.5,
1067  11864,	1086  11809,	1077  11848.5,	1092  11803,
987  10705,	979  10722.5,	1092  10670,	995  10696,
1230  10937.5,	1229  10974,	1221  11056.5,
1237  10994,	1228  11006,	1215  11040.5,
1176  10560.5,	1161  10579,	1210  10521,	1202  10557,
1205  10753,	1231  10739.5,
1214  10936,
1051  22195,	1025  22340,	1656  22132,	1035  22267,
1047  21760,	1026  21787.5,	1013  21839,	1022  21836.5,
851  17683,	848  17688.5,	870  17640,
929  19990.5,	953  19980.5,
1014  20951,	977  21053.5,	984  20976,
1244  21602.5,	1259  21560.5,
1381  25916,	1401  25890.5,	1428  25808,	1416  25812,	1431  25768,	1438  25736,	1407  25824,
1350  23524.5,	1318  23530,
1828  23554.5,	1347  23597,	1306  23630.5,	1345  23603.5,	1341  23614.5,
1343  23934,	1336  23939.5,	1323  24041.5,
1763  24445,	1756  24475,	1747  24495,	1767  24393.5,
1683  23365,	1658  23444.5,	1674  23436.5,	1682  23366,	1679  23387.5,	1694  23273,	1701  23261,	1692  23353,
1779  24854,	1763  25039.5,	1758  25083.5,	1841  24846.5,	1768  24967,
1769  25973.5,	1879  25957,	2633  25730,
1881  28251.5,	1905  28242.5,	1907  28223.5,	1915  27996.5,	1913  28217,
1004  30392.5,
1157  35350.5,	2046  35315.5,
1125  33130,	1100  33388,	1098  33418,	1109  33204,	1104  33334,	1101  33387.5,
1161  36256,	1182  36087.5,	1169  36115,
1100  33152.5,
1492  37997.5,	1491  38003.5,	1521  37659.5,	1497  37704.5,	1493  37898,
1436  35888,	1434  35904.5,	1451  35644,	1423  35964.5,
1407  32493.5,	1349  32737,	1356  32575.5,	1354  32629,	1709  32460.5,
1350  32147.5,	1346  32247,	1311  32261.5,	1309  32539.5,	1709  32137.5,
1417  35064.5,	1422  34879.5,	1446  34840,	1415  35079,
2198  45437.5,	2167  45697,	2253  45356,	2197  45528,	2189  45536.5,	2183  45590.5,
2244  46752,	2210  46964,	2185  47218.5,	2182  47255.5,	2202  47096.5,	2214  46825.5,
2072  42506,	2068  42512,	2094  42109.5,	2077  42313,	2117  42019,	2087  42182.5,	2074  42426.5,	2121  41958.5,
2140  43753,	2099  43804.5,	2088  43967,
2150  43519,	2087  43646.5,	2111  43571,	2193  43372.5,	2110  43582,	2079  43736,
1179  14092,	1162  14127,	1144  14132.5,	1183  14091.5,
1284  16006.5,	1292  15941,	1291  15992,	1282  16015.5,	1281  16028.5,	1285  16000.5,
1142  13993.5,	1144  13922,	1157  13906.5,	1143  13959.5,
1227  14863,	1205  14910.5,	1219  14872,	1231  14831,
1165  14312.5,	1174  14260.5,	1180  14244,
1410  15547,	2102  15489,	2099  15507,
2018  17647.5,	1581  17817,	1604  17724,	1596  17737,	1594  17749,
1445  15832,	1458  15809,	1474  15789.5,	1453  15813.5,	1469  15804,
1393  15157.5,	2256  14993,	2255  14995,	1439  15091,	1434  15107,	1422  15156.5,	1433  15125.5,	2247  15029,	1427  15126.5,	1425  15136.5,	1385  15160,
1480  16547,	1512  16448.5,	1500  16510,	2288  16370.5,	2282  16376.5,	1505  16506.5,	1527  16439,	1506  16478.5,	1477  16549,	1483  16521,
2867  15443,	1708  15446,	1706  15593.5,
1881  18237,	1877  18268,	2031  18122,	1892  18128.5,
1894  17465.5,	1893  17491.5,	1888  17507.5,	1878  17588.5,	1902  17429.5,	1881  17576.5,	1923  17412,	1884  17529.5,	1883  17549.5,
1708  15813.5,	1762  15751,	1755  15799.5,
1651  14737.5,	1658  14621,	1642  14760.5,
1657  36009,	1654  36132,	2390  35974.5,
1699  36308.5,	1653  36366,	1780  36189.5,	1778  36193.5,
1558  33744,	1593  33658.5,	1776  33639,
1617  35420.5,	1644  35405.5,	2316  35193.5,
2333  33396,	1535  33533.5,	1560  33523,
1871  34478.5,	1869  34498.5,	1892  34398.5,	1905  34192.5,	1937  34068,	1878  34449,
1901  34676.5,	1915  34370,	1909  34521.5,	1906  34577.5,	1905  34578.5,
1876  34417.5,	2628  34364,	1934  34398,	1866  34620.5,
1895  34870,	1945  34459.5,	1909  34507,	1902  34812,	1901  34813.5,	1899  34850,
2017  37585,	2007  37634,	2030  37383,
4147  37580,	2596  37734,	2576  37918.5,	2575  37922.5,
3413  42215,	2829  42292.5,	2792  42323.5,	2783  42375.5,	3419  42199,
2598  38920,	2610  38787,	2673  38766,	2946  38580,
2506  36570,	2492  36937,
2522  37723,	2546  37639,	2568  37581.5,
1432  42946,	1952  42786,	1453  42858.5,	1444  42919,	1446  42879.5,
1544  46821,	1543  46841,	1558  46733,	1541  46845,	1540  46869,
2105  50532,	1636  50682.5,
1612  48848,	1904  48685,	1598  48863.5,	1594  48911.5,	1597  48900.5,
1571  48154.5,	1577  48070,	1994  47741,	1580  47953.5,
2395  63905,	2388  64286,	2384  64328,
2304  59897,	2295  59948,	2325  59849,	2294  59997,	2310  59863,
2277  57687,	2253  57872,	2241  57963.5,
2284  59047,	2278  59332,	2316  58791.5,	2282  59294,	3606  58711.5,	2288  59017,
2140  53805,	2136  54088,
3041  63985.5,	3064  63981,	3834  63606,	3825  63636,	3105  63784,	3109  63762.5,
2982  60397,	2974  60511,	4874  60169,	2990  60361.5,	3008  60358,	4868  60181,	4860  60223,	4864  60211,
3058  61947,	3052  62031,	2990  62268.5,	3031  62124,
3058  66453.5,	3099  65974.5,	3108  65878.5,	3097  66058,	3133  65865.5,	3080  66423.5,
3020  61843.5,	3096  61712,	3058  61775,
302  5422,	301  5426.5,	308  5416.5,	304  5421,	317  5416,	323  5407.5,
294  5278,	318  5230.5,	304  5249.5,	301  5267.5,	299  5275.5,	300  5274.5,
287  5205,	296  5197,	342  5184,
321  5795,	315  5823,	324  5762,	316  5812,	319  5800.5,
284  4535,	260  4543,	258  4551.5,	255  4558.5,	412  4523.5,	256  4558,	289  4531,	411  4525.5,	270  4537.5,
429  5296,	339  5357.5,	344  5331,	432  5288,	368  5314.5,	378  5306.5,	351  5321.5,
343  4866,	320  4877,
348  4972.5,	332  5013.5,	337  4999.5,	364  4971.5,	331  5018.5,	344  4996,
360  5312,	359  5315.5,	356  5361.5,	358  5327,	370  5306.5,
360  5362,	356  5366.5,	354  5391.5,	353  5406.5,
459  5902,	470  5896,	457  5950,	485  5894.5,
497  5911,	460  5959.5,	495  5933,	492  5952.5,
527  6874.5,	522  6898.5,	523  6894,	521  6903.5,
439  5564,	444  5545.5,	463  5532.5,	468  5526.5,
432  5567,	442  5563,	425  5639.5,	429  5603.5,
325  9545,	313  9616.5,	329  9517,	318  9590.5,	320  9546,
343  10297.5,	344  10258,	342  10299,	334  10303.5,	333  10315.5,	347  10232,
312  8602,	298  8623.5,	292  8667,
375  10920.5,	348  10925,	361  10921.5,
331  10198,	338  10143,	335  10179.5,	330  10206,	343  10093.5,
423  11024.5,	462  10965,	457  10985,	442  11015.5,
476  12857.5,	475  12869.5,	481  12752.5,
654  12487.5,	513  12524,	487  12531,	486  12561,	542  12517,	473  12565,	471  12597,
414  9716,	406  9748,	411  9742,	417  9673,	416  9677.5,	593  9668.5,
481  11878.5,	465  11949.5,	457  11954,	681  11861.5,	456  11961.5,	455  11965.5,	454  11981.5,	682  11857.5,	468  11918,
698  13856,	685  13874,	683  13922,	692  13859.5,	700  13793,	699  13829,	684  13909,	720  13762.5,	719  13770.5,
554  10724.5,	577  10682,
645  13819,	640  13847,	660  13818,	720  13723.5,
685  12941.5,	708  12848,	651  12991.5,	648  13011.5,	647  13150,	667  12942,	691  12888,
693  13676.5,	683  13719.5,	641  13810,	669  13733.5,	651  13796.5,	659  13768.5,
364  15369.5,	362  15432,	358  15450.5,	356  15468.5,
347  14799,	346  14823,
354  14607.5,	351  14608.5,	393  14592.5,	341  14616,
400  16708,	394  16724,	393  16750,	380  16863.5,
387  16461.5,	393  16397.5,	376  16508.5,
505  17653.5,	501  17713.5,	537  17572.5,	536  17578.5,	523  17652.5,
534  17392,	518  17432,	488  17506.5,	491  17494.5,	497  17457,
507  16641.5,	484  16650.5,	514  16607,	500  16647.5,	523  16573.5,
603  20995.5,	560  21156,	579  21106,
552  17818.5,	527  17912.5,	513  17975.5,	542  17858.5,	526  17946.5,	512  18035,
699  19244,	684  19289.5,	731  19147.5,	706  19220,	743  18913.5,
730  21882.5,	733  21879.5,	734  21765.5,	741  21616.5,	719  21911,	715  21995,
832  25192.5,	841  25087.5,	805  25285,
758  22980,	757  22992,	772  22946.5,	753  23042.5,	1015  22854.5,	1011  22890.5,	748  23269.5,	801  22915.5,
739  19540,	716  19615,	727  19579,	759  19507.5,	703  19678.5,
542  9901.5,
572  10192.5,	575  10182.5,	565  10242,	567  10217,	578  10161,	568  10203.5,	569  10199,
524  9411.5,	535  9403,	538  9383,
531  9548,	534  9518,	540  9475.5,	533  9545.5,
497  8888,	492  8905.5,
678  10892.5,	686  10884.5,	680  10888.5,	690  10855,	687  10883,	675  10933,	915  10854.5,
705  11005.5,	690  11058.5,
804  12502.5,	1100  12494.5,	763  12535.5,	1083  12500.5,	790  12527.5,	758  12587,
851  9667,	628  9707.5,	636  9704.5,	858  9627,	651  9688,	649  9692,
676  10440,	677  10439,	1131  10426,	650  10442,
835  11611.5,	829  11625.5,
773  10156,	771  10162,	802  10147.5,
808  10902,	937  10796.5,	837  10824.5,	817  10858.5,	831  10848,	938  10784.5,	813  10880,	838  10810,	827  10857,
848  10943.5,	846  10978,
872  12470.5,	885  12437.5,	947  12404,	908  12421,	941  12420,	902  12429,	877  12443.5,
681  20974,	676  20982,	679  20975.5,	670  21048.5,
685  21655,	707  21576,	706  21654.5,
779  24856.5,	774  24921.5,	780  24818,	785  24781.5,	788  24712,	793  24708,
660  20544,	650  20616.5,	666  20487,	659  20576,	652  20584,
739  23161.5,	735  23227.5,	747  23144,	722  23251.5,	720  23285.5,
896  22511,	893  22535,	928  22508,	888  22552.5,	861  22619.5,	875  22599,
906  23109.5,	881  23164,	898  23158,	1919  23049,	867  23196.5,
878  23261.5,	877  23285.5,	889  23094,	903  23081.5,	884  23251,	886  23241,	883  23257,
893  22548.5,	885  22584.5,	850  22676.5,	863  22611.5,
1025  26683.5,	975  26770,	982  26750,	995  26712.5,
1235  27701,	1348  27583.5,
1257  27421,	1235  27497.5,	1206  27621,	1261  27358.5,	1241  27440,	1320  27293.5,	1240  27484,	1298  27328.5,
1247  27166.5,	1244  27214.5,	1810  26984.5,	1252  27144.5,	1234  27223.5,	1229  27235.5,	1266  27064,	1265  27080,
1269  28808.5,	1312  28438,	1309  28471.5,	1308  28519.5,	1303  28547.5,	1300  28623.5,	1273  28680,	1272  28688,
1878  24735,	1176  24819,	1199  24807,	1216  24781,	1163  24874.5,	1158  24902.5,	1882  24691,
793  35589.5,	785  35765.5,
732  32072.5,	708  32108,	1009  32060,
760  34641.5,	773  34555,	770  34629.5,
738  32638,	737  32798.5,
790  35639.5,	801  35579.5,	788  35644,
1083  39336,	1035  39418,	1032  39646,	1076  39378,
990  36879,	1000  36708.5,	997  36873,
947  33885,	937  33921,	925  34061.5,
1040  38609,	1043  38511.5,	1016  38848,	1044  38410.5,	1019  38683,
1045  40207,	1049  40171.5,	1057  40048.5,	1056  40098,	1060  39933.5,	1058  40047.5,	1078  39874,	1041  40209,
1377  41014,	1443  40753.5,	1434  40819.5,	1446  40699.5,	1373  41071.5,	1392  40888.5,
1390  38012.5,	1342  38233,	1333  38287,	1352  38045,	2850  37931,
1461  43136.5,	1439  43477,	1476  43113,	1455  43145,	1450  43182.5,	1441  43374.5,	3399  43084.5,	1428  43550.5,
1569  48433.5,	2475  48307,	1572  48404.5,	1537  48543,	1528  48618,
1434  44076,	1459  43921.5,	1528  43870.5,	1433  44333,	1456  44071,
853  15461.5,	850  15509,	863  15449,	852  15487.5,	1343  15446.5,	851  15503.5,	858  15455.5,
804  14424,	792  14443.5,	806  14383.5,
874  16000.5,	859  16024,
884  16228,	890  16200,
883  16041,	884  16002,	885  15969,
1138  18356.5,	1128  18394,	1127  18415,	1123  18463,
916  14881,	1337  14772.5,	928  14868.5,	937  14851.5,	955  14811.5,
1037  16681,	1023  16766,	1024  16724,
1012  16295.5,	1024  16207,	1023  16210.5,	1002  16315.5,	1016  16274.5,	1015  16278.5,	1010  16306,
1128  17605.5,	1095  17711,	1118  17685,	1102  17708.5,	1074  17747,	1093  17723,	1081  17741.5,
1256  16880.5,	1215  16987,	1219  16960,	1211  17018,
1238  16657.5,	1218  16733.5,	1212  16814,	1494  16657,	1227  16704.5,
1109  14663.5,	1097  14664.5,	1111  14607,
1203  16779.5,	1196  16829.5,
1193  17024.5,	1205  16923,
980  31590,	982  31444,
1108  35442,	1100  35476.5,	1113  35424.5,	1097  35522.5,	1119  35407.5,
1029  32038,	1000  32125,	1024  32061.5,
1027  32365.5,	1002  32420,
986  30611,	970  30682,	976  30666.5,
1360  36418,	1356  36450,	1358  36431.5,	1333  36550,	1332  36570,
1272  33520,	1289  33507.5,	1242  33540,
1307  34549.5,	1306  34671.5,	1290  34707.5,	1288  34731.5,
1234  32515.5,	1247  32292.5,	1245  32351.5,	1236  32385.5,	1231  32549.5,	1218  32561.5,	1229  32554.5,
1283  34573.5,	1316  34438.5,	1275  34689.5,	1399  34406.5,	1297  34451,	1286  34566,
1718  35508,	1706  35552,	1712  35548,	1664  35712.5,	2989  35478.5,	1686  35608,	1673  35650.5,	1689  35595,	1670  35695,
1700  37250.5,	1739  37166,	1786  37117,
1838  39547,	1790  39569.5,	1787  39589.5,	1783  39603,	1770  39615,	1769  39658,	2752  39468,	2742  39544,
1700  35995,	1666  36191.5,	1667  36158,	1683  36145.5,
1777  39475.5,	1776  39491.5,	1719  39616.5,	1718  39624.5,	1781  39454,	1767  39537.5,	1788  39369,
1100  49611.5,
1216  55354.5,	1207  55490.5,	1204  55586.5,
1045  46946.5,	1579  46766,	1058  46912,	1056  46931,
1025  45684.5,
1103  50534,	1129  50393,	1122  50473,	1127  50467,	1111  50485,	1754  50359,	1102  50651,
1457  55306.5,	1444  55580.5,	1479  55305,
1414  52006.5,	1410  52035.5,	1396  52141,	1399  52080.5,	1394  52318.5,
1439  54658,	1447  54548,	1453  54394,	1449  54533,	1489  54372,	1434  54670,	1425  54712,
1473  56211.5,	1908  56055.5,	1901  56091.5,	1499  56179,
1419  52457.5,	1415  52686.5,
2026  60241.5,	2013  60369.5,	2881  60170.5,	2002  60650.5,	1999  60668.5,	2887  60140.5,	2009  60606.5,	2007  60648.5,
1935  57575.5,	2179  57457,	2050  57463.5,
1982  60989,	2027  60876.5,	2050  60585,
2015  61121.5,	2008  61282.5,	2005  61618.5,	2006  61566.5,
1899  54916.5,	1936  54825,	1932  54867,	1881  55055,
254  6006.5,	252  6014.5,	273  5989.5,	268  5995.5,	250  6031.5,	249  6038.5,
231  5197,	236  5179.5,	227  5199,	223  5202,	241  5176.5,	232  5182.5,	278  5165.5,
226  5487.5,	234  5476,	249  5456.5,	230  5484,	241  5460.5,
231  5272.5,	237  5257.5,	243  5257,	236  5260.5,	255  5255,
178  3971,	187  3966.5,	171  3977.5,	174  3971.5,
224  4178,	236  4142,	243  4140,	231  4143.5,	226  4159,	252  4130,
267  5313,	321  5259,	270  5308.5,	284  5281,	273  5301,	272  5307,	283  5293.5,	282  5300.5,
282  5708.5,	280  5713.5,	286  5694.5,	285  5706.5,	272  5721.5,
290  5252,	293  5241.5,	318  5236,	317  5240,	275  5259.5,
325  6651.5,	350  6630,	333  6635,	318  6675,	323  6663,	331  6649,	319  6667,
372  6612,	390  6584.5,
383  6189.5,	370  6193,	387  6160.5,	369  6197,	384  6186.5,	362  6207,	367  6205,
338  5504.5,	339  5481.5,	351  5444,	362  5423.5,	348  5464,	449  5422.5,
364  6313,	378  6253.5,	376  6275,	452  6246,	374  6283,	403  6250.5,
341  5106.5,	324  5122.5,	320  5150.5,
262  10391,	275  10310,	263  10332.5,	285  10300,	272  10323.5,
369  14124.5,	359  14142.5,	356  14154.5,	361  14138.5,	348  14188,	342  14238,	344  14225.5,
341  13293.5,	308  13296,	371  13258.5,
279  11119.5,	303  11092.5,	365  11084,	281  11103,	288  11099,	277  11152,	273  11163.5,
228  8903.5,	227  8915.5,
372  11392,	338  11460.5,	359  11460,
371  12880.5,	367  12936.5,
304  9454.5,	320  9450,	301  9583.5,
413  12912.5,	386  13012,	387  12984,	377  13041,
353  11520.5,	350  11637,	349  11752,
531  15572.5,	528  15596.5,	555  15563.5,	564  15510.5,	544  15572,	566  15478,	565  15490,	648  15400,
522  12760,	491  12795,	490  12831,	489  12851,	485  12886.5,	488  12883,	494  12775,	532  12722.5,	480  13129.5,
548  13137.5,	544  13177.5,	668  13118,	494  13183.5,	493  13375.5,
508  12537,	486  12550,	502  12544.5,	548  12366,	525  12516,
601  14513.5,	531  14552.5,	519  14641,	529  14616.5,
306  17660,	357  17507.5,	350  17508,	457  17481.5,	336  17518.5,	332  17530.5,	307  17554,
288  12877,	260  12900,	233  12913,
317  18227.5,	315  18273,	313  18287.5,	417  18136,	322  18146,	319  18227,
330  17705.5,	306  17800.5,	317  17772.5,	304  17872.5,	327  17759,
316  16967.5,	317  16941,	300  17012,	299  17066,	306  16995,	339  16893.5,	335  16917.5,
467  22468,	459  22498,	447  22530.5,	446  22602.5,	471  22392,	478  22380,	482  22342,
346  15833.5,	383  15737.5,	378  15777.5,	381  15756.5,	370  15787,
478  19412.5,	433  19467,	416  19688,	427  19485.5,	426  19509.5,	425  19550,	415  19718,	420  19554,	419  19682,
439  21043,	461  20976.5,	426  21081,
370  15979.5,	353  16087.5,	410  15931.5,	409  15943.5,	360  16054.5,	372  15956,
617  24223.5,	612  24259.5,	626  24104.5,	630  24098.5,	616  24226,	615  24256,	618  24147,	620  24135,	715  23789.5,	704  23867.5,	703  23987.5,	607  24460,
690  26198,	712  26061.5,	930  26044.5,	694  26077,	691  26107,	613  26213,
569  21979,	598  21785.5,	597  21833.5,	593  21857.5,
612  23562.5,	600  23640.5,	599  23688.5,	639  23205.5,	601  23587,	630  23489.5,
564  20554,	562  20602,	556  20649,	559  20631,	596  20483,	552  20667,	609  20473,	651  20420,	649  20450,
485  11463.5,	493  11441.5,	479  11465,	468  11480.5,	491  11451,
432  9786.5,	414  9837,	417  9788,
455  10860,	453  10899,	458  10846,	467  10832.5,	454  10885.5,
411  10019.5,	426  10001,	432  9993.5,	413  10001.5,	431  9995,
471  11008.5,	456  11009.5,
488  9973,	495  9941.5,	486  9998,	481  10028,	485  10014,	483  10019,
599  12992,	601  12991.5,	602  12958.5,	991  12909.5,	603  12946,	579  13028.5,	596  13020.5,
527  11410,	551  11405,	580  11390,
720  11640.5,	547  11670.5,	717  11658.5,	550  11668.5,	556  11661.5,	546  11740.5,
508  10724,	525  10697,	938  10659,	521  10722.5,	939  10649,	534  10662,
576  9609.5,	606  9510,	597  9546.5,	586  9576.5,	585  9594.5,
664  11258.5,	693  11105.5,	679  11149.5,	691  11145.5,	669  11224.5,	662  11265,
609  10248.5,	1133  10188,	642  10190.5,	639  10224.5,	1134  10168,
633  11167.5,	650  11167,	651  11058,
699  12162.5,	684  12175,	971  12126,	725  12135,	669  12188.5,
381  14813,	374  14861.5,
498  19227,	473  19304,	477  19268.5,	467  19342,
469  19324,	463  19352,	471  19305,	478  19280,
572  24251,	590  24144,	612  24112,	574  24242.5,	600  24122.5,	575  24235.5,	585  24232.5,	570  24264.5,	589  24208,
518  21221,	529  21220,	509  21307.5,
722  26131,	742  25955.5,	750  25931,	725  25963,
667  23334.5,	663  23484,	665  23480,	693  23289,
658  22986,	685  22896.5,	708  22859,	660  22939,
667  21226,	627  21274.5,	625  21282.5,	615  21330.5,	671  21176,	636  21244.5,	634  21272.5,
678  22240.5,	655  22327.5,	686  22238,	670  22307.5,	654  22442,	688  22203.5,
1024  29322.5,	958  29364,	990  29341.5,
1040  28640.5,	970  28847,	969  28871,	1073  28597.5,	1030  28666,	964  28889.5,	958  28909.5,	978  28676.5,	974  28728.5,
954  28058,	991  27920.5,	969  28024,	967  28028,
960  26859,	934  26889.5,	929  26901.5,	911  27127,	1004  26841,	923  26981.5,	928  26961,	927  26977,	914  26998.5,
980  27140.5,	1408  27041.5,	997  27100.5,	949  27235,	996  27108.5,	992  27132.5,	934  27253.5,	955  27217,	944  27241.5,	967  27170,
531  31676,	564  31503.5,	563  31545.5,	545  31550.5,
588  34774,	609  34752.5,	587  34924.5,	586  34960.5,
628  37162,	633  37156.5,	615  37377.5,	623  37314,	621  37323.5,
562  32142,	575  32111.5,	546  32283.5,	549  32153.5,	570  32118.5,	574  32112.5,	576  32106.5,	547  32234.5,	563  32137.5,
556  32716,	565  32561,
728  34782.5,	727  34848.5,	723  35024.5,
714  34540.5,	711  34612.5,	745  34389,	739  34430,	803  34337.5,	734  34466.5,	718  34514,	712  34550,	754  34360,	720  34472.5,	743  34391,
756  36316.5,	750  36491.5,
786  35278.5,	760  35406.5,	724  35455.5,	778  35347.5,
798  37472,	790  37514,	781  37582,	787  37528.5,	784  37576.5,	767  37592,
1049  39289,	1157  39267,	1035  39641.5,	1048  39634,
1111  43638,	1061  43875.5,	1100  43676,	1166  43636.5,	1067  43797,	1096  43796,	1059  43882,	1171  43549.5,
1144  42066,	1158  41936.5,	1110  42067,	1079  42087,	1072  42259,
1134  44940,	1142  44776.5,	1139  44902.5,	1131  44944.5,	1141  44891,	1109  45009,	1107  45039,
1160  45831.5,	1217  45812,	1123  46060.5,	1137  46000.5,	1185  45820,	1129  46006,
711  17582.5,	726  17531.5,	707  17598,	716  17555.5,
670  16009,	689  16003,	662  16027.5,	668  16023.5,	691  15989,	690  15991.5,	657  16060.5,
578  14053,
618  14743,	628  14707.5,	613  14778.5,	622  14740,
603  14564,	620  14553,
728  15267.5,	1009  15226.5,	719  15340,	720  15331.5,	731  15242,
783  16617,	754  16685,	780  16659,	773  16679.5,
795  17461,	793  17474,
797  16770.5,	804  16759.5,	1011  16749.5,	785  16901.5,	786  16781,	1014  16713.5,
743  16041.5,	754  15941,	750  15975.5,	1268  15921.5,	746  16009.5,
985  18611.5,	1031  18548,	1011  18593,	977  18641,	1020  18568.5,	1015  18591,	1024  18560.5,
969  16792.5,	979  16784.5,	936  16807,	964  16793.5,	960  16803.5,	925  16825.5,	919  16850.5,	916  16878,
950  15951,	925  16014,	895  16043,	1611  15949.5,	938  15981.5,	937  15993.5,	921  16029,	1620  15941.5,	1616  15945.5,
922  16402,	908  16411,	906  16415,	881  16485,	901  16458,	879  16529.5,	897  16468,	921  16403,
897  15643.5,	862  15654,
903  38959,	914  38744.5,	912  38839.5,	907  38859.5,	904  38947.5,
807  34093,	804  34200.5,	803  34253,	821  34078,
790  33490,	807  33327.5,	793  33368.5,	788  33522.5,
775  32510.5,	776  32398.5,
765  31275,	735  31348,	750  31308,	773  31274.5,
1013  36483.5,	1012  36503.5,	1007  36621.5,	1005  36743.5,
1053  37059,	1057  37055,	1033  37093.5,	1025  37169.5,	1069  37041.5,
1049  38665,	1092  38595,	1066  38629,	1079  38625,
971  33550,	980  33474.5,	977  33516.5,	947  33643.5,
1017  37195,	1035  37137,	1048  36970.5,	1018  37178.5,	1046  37131,
1297  37490.5,	1355  37277.5,	1326  37324.5,	1323  37411.5,	1305  37459.5,	2405  37138,	1287  37507,
1399  42521.5,	1392  42719,
1439  41525.5,	1405  41833.5,	1426  41694.5,	1422  41726.5,	1412  41758.5,	1383  41855.5,	1402  41839.5,
1347  39582,	1391  39541,	1342  39704,	1377  39556,	1846  39470,
1449  45232.5,	2619  44971,	1483  45138.5,	2636  44831,	1502  45024.5,	1485  45094.5,	1487  45065,	1522  45000.5,
804  47698.5,	822  47621.5,	810  47653,	800  47867.5,	809  47679,	1332  47600,
908  52938,	865  53136.5,	881  53093.5,
896  54545,	898  54368,	909  54240.5,	897  54473,
967  59266.5,	968  59092.5,	959  59280,	957  59286.5,
798  46812,	794  46830,	1134  46693,
1159  58012,	1175  57956,	1144  58312,	1143  58429.5,	1146  58281,	1149  58121.5,	1148  58139.5,
1278  67989.5,	1332  67537.5,	1314  67672,	1283  67887.5,	1299  67835.5,	1308  67707,	1301  67725,
1142  54635.5,	1133  54767.5,	1119  54886.5,	1113  54904,	1128  54844.5,	1123  54868.5,	1112  55033,	1091  55154.5,	1093  55076,
1116  56009.5,	1119  55983,	1148  55597,	1181  55581.5,	1134  55687.5,	1126  55914.5,
1097  54298,	1079  54379,	1075  54403,	1530  54271.5,
1544  60034.5,	1540  60130.5,	1609  59835.5,	1526  60348.5,	1568  60004.5,	1528  60206,
1572  64537,	2659  64393,	1566  65173.5,
1610  60332,	1597  60377,	1550  60482,	1547  60578,	1506  60670.5,	1510  60641.5,	1591  60477.5,	1536  60587,
1449  58143,	1513  57865,	1470  57959.5,
1618  58910.5,	1561  58946,	2538  58794.5,	1518  58987,	1510  59053,	1497  59136.5,	1507  59124.5,
